0,0,0,-0,0,0,0
0,0,0,-5.75598416e-11,0,0,0
0,0,0,-4.604786081e-10,0,0,0
0,0,0,-1.5541146e-09,0,0,0
0,0,0,-3.68382487e-09,0,0,0
0,0,0,-7.194964599e-09,0,0,0
0,0,0,-1.243288647e-08,0,0,0
0,0,0,-1.974294005e-08,0,0,0
0,0,0,-2.947047114e-08,0,0,0
0,0,0,-4.196082122e-08,0,0,0
0,0,0,-5.755932672e-08,0,0,0
0,0,0,-7.661131849e-08,0,0,0
0,0,0,-9.946212114e-08,0,0,0
0,0,0,-1.264570524e-07,0,0,0
0,0,0,-1.579414225e-07,0,0,0
0,0,0,-1.942605335e-07,0,0,0
0,0,0,-2.35759679e-07,0,0,0
0,0,0,-2.827841428e-07,0,0,0
0,0,0,-3.356791992e-07,0,0,0
0,0,0,-3.947901114e-07,0,0,0
0,0,0,-4.604621317e-07,0,0,0
0,0,0,-5.330405004e-07,0,0,0
0,0,0,-6.128704455e-07,0,0,0
0,0,0,-7.002971816e-07,0,0,0
0,0,0,-7.956659099e-07,0,0,0
0,0,0,-8.99321817e-07,0,0,0
0,0,0,-1.011610075e-06,0,0,0
0,0,0,-1.132875839e-06,0,0,0
0,0,0,-1.263464249e-06,0,0,0
0,0,0,-1.40372043e-06,0,0,0
0,0,0,-1.553989485e-06,0,0,0
0,0,0,-1.714616503e-06,0,0,0
0,0,0,-1.885946552e-06,0,0,0
0,0,0,-2.068324681e-06,0,0,0
0,0,0,-2.262095921e-06,0,0,0
0,0,0,-2.46760528e-06,0,0,0
0,0,0,-2.685197746e-06,0,0,0
0,0,0,-2.915218284e-06,0,0,0
0,0,0,-3.158011838e-06,0,0,0
0,0,0,-3.413923327e-06,0,0,0
0,0,0,-3.68329765e-06,0,0,0
0,0,0,-3.966479677e-06,0,0,0
0,0,0,-4.263814256e-06,0,0,0
0,0,0,-4.575646209e-06,0,0,0
0,0,0,-4.902320331e-06,0,0,0
0,0,0,-5.244181391e-06,0,0,0
0,0,0,-5.60157413e-06,0,0,0
0,0,0,-5.974843261e-06,0,0,0
0,0,0,-6.364333469e-06,0,0,0
0,0,0,-6.770389409e-06,0,0,0
0,0,0,-7.193355706e-06,0,0,0
0,0,0,-7.633576955e-06,0,0,0
0,0,0,-8.091397718e-06,0,0,0
0,0,0,-8.567162529e-06,0,0,0
0,0,0,-9.061215885e-06,0,0,0
0,0,0,-9.573902254e-06,0,0,0
0,0,0,-1.010556607e-05,0,0,0
0,0,0,-1.065655172e-05,0,0,0
0,0,0,-1.122720359e-05,0,0,0
0,0,0,-1.181786598e-05,0,0,0
0,0,0,-1.24288832e-05,0,0,0
0,0,0,-1.30605995e-05,0,0,0
0,0,0,-1.37133591e-05,0,0,0
0,0,0,-1.438750618e-05,0,0,0
0,0,0,-1.508338487e-05,0,0,0
0,0,0,-1.580133929e-05,0,0,0
0,0,0,-1.654171348e-05,0,0,0
0,0,0,-1.730485147e-05,0,0,0
0,0,0,-1.809109725e-05,0,0,0
0,0,0,-1.890079474e-05,0,0,0
0,0,0,-1.973428785e-05,0,0,0
0,0,0,-2.059192043e-05,0,0,0
0,0,0,-2.147403629e-05,0,0,0
0,0,0,-2.238097918e-05,0,0,0
0,0,0,-2.331309284e-05,0,0,0
0,0,0,-2.427072093e-05,0,0,0
0,0,0,-2.525420709e-05,0,0,0
0,0,0,-2.626389489e-05,0,0,0
0,0,0,-2.730012788e-05,0,0,0
0,0,0,-2.836324953e-05,0,0,0
0,0,0,-2.945360328e-05,0,0,0
0,0,0,-3.057153253e-05,0,0,0
0,0,0,-3.17173806e-05,0,0,0
0,0,0,-3.28914908e-05,0,0,0
0,0,0,-3.409420635e-05,0,0,0
0,0,0,-3.532587044e-05,0,0,0
0,0,0,-3.658682621e-05,0,0,0
0,0,0,-3.787741673e-05,0,0,0
0,0,0,-3.919798504e-05,0,0,0
0,0,0,-4.054887409e-05,0,0,0
0,0,0,-4.193042682e-05,0,0,0
0,0,0,-4.334298608e-05,0,0,0
0,0,0,-4.478689468e-05,0,0,0
0,0,0,-4.626249537e-05,0,0,0
0,0,0,-4.777013084e-05,0,0,0
0,0,0,-4.931014372e-05,0,0,0
0,0,0,-5.088287659e-05,0,0,0
0,0,0,-5.248867197e-05,0,0,0
0,0,0,-5.412787231e-05,0,0,0
0,0,0,-5.580082001e-05,0,0,0
0,0,0,-5.750785741e-05,0,0,0
0,0,0,-5.924932678e-05,0,0,0
0,0,0,-6.102557032e-05,0,0,0
0,0,0,-6.28369302e-05,0,0,0
0,0,0,-6.468374849e-05,0,0,0
0,0,0,-6.656636722e-05,0,0,0
0,0,0,-6.848512833e-05,0,0,0
0,0,0,-7.044037373e-05,0,0,0
0,0,0,-7.243244524e-05,0,0,0
0,0,0,-7.446168461e-05,0,0,0
0,0,0,-7.652843354e-05,0,0,0
0,0,0,-7.863303365e-05,0,0,0
0,0,0,-8.07758265e-05,0,0,0
0,0,0,-8.295715357e-05,0,0,0
0,0,0,-8.517735628e-05,0,0,0
0,0,0,-8.743677597e-05,0,0,0
0,0,0,-8.973575392e-05,0,0,0
0,0,0,-9.207463133e-05,0,0,0
0,0,0,-9.445374934e-05,0,0,0
0,0,0,-9.687344901e-05,0,0,0
0,0,0,-9.933407131e-05,0,0,0
0,0,0,-0.0001018359572,0,0,0
0,0,0,-0.0001043794474,0,0,0
0,0,0,-0.0001069648828,0,0,0
0,0,0,-0.000109592604,0,0,0
0,0,0,-0.0001122629517,0,0,0
0,0,0,-0.0001149762663,0,0,0
0,0,0,-0.0001177328884,0,0,0
0,0,0,-0.0001205331583,0,0,0
0,0,0,-0.0001233774163,0,0,0
0,0,0,-0.0001262660026,0,0,0
0,0,0,-0.0001291992573,0,0,0
0,0,0,-0.0001321775206,0,0,0
0,0,0,-0.0001352011324,0,0,0
0,0,0,-0.0001382704326,0,0,0
0,0,0,-0.0001413857609,0,0,0
0,0,0,-0.0001445474572,0,0,0
0,0,0,-0.0001477558611,0,0,0
0,0,0,-0.0001510113121,0,0,0
0,0,0,-0.0001543141497,0,0,0
0,0,0,-0.0001576647132,0,0,0
0,0,0,-0.0001610633421,0,0,0
0,0,0,-0.0001645103755,0,0,0
0,0,0,-0.0001680061525,0,0,0
0,0,0,-0.0001715510122,0,0,0
0,0,0,-0.0001751452936,0,0,0
0,0,0,-0.0001787893354,0,0,0
0,0,0,-0.0001824834765,0,0,0
0,0,0,-0.0001862280555,0,0,0
0,0,0,-0.000190023411,0,0,0
0,0,0,-0.0001938698816,0,0,0
0,0,0,-0.0001977678057,0,0,0
0,0,0,-0.0002017175214,0,0,0
0,0,0,-0.0002057193672,0,0,0
0,0,0,-0.000209773681,0,0,0
0,0,0,-0.000213880801,0,0,0
0,0,0,-0.000218041065,0,0,0
0,0,0,-0.0002222548109,0,0,0
0,0,0,-0.0002265223765,0,0,0
0,0,0,-0.0002308440993,0,0,0
0,0,0,-0.000235220317,0,0,0
0,0,0,-0.0002396513669,0,0,0
0,0,0,-0.0002441375865,0,0,0
0,0,0,-0.000248679313,0,0,0
0,0,0,-0.0002532768834,0,0,0
0,0,0,-0.000257930635,0,0,0
0,0,0,-0.0002626409045,0,0,0
0,0,0,-0.0002674080289,0,0,0
0,0,0,-0.0002722323449,0,0,0
0,0,0,-0.0002771141892,0,0,0
0,0,0,-0.0002820538982,0,0,0
0,0,0,-0.0002870518084,0,0,0
0,0,0,-0.0002921082562,0,0,0
0,0,0,-0.0002972235777,0,0,0
0,0,0,-0.000302398109,0,0,0
0,0,0,-0.0003076321862,0,0,0
0,0,0,-0.0003129261452,0,0,0
0,0,0,-0.0003182803217,0,0,0
0,0,0,-0.0003236950514,0,0,0
0,0,0,-0.0003291706699,0,0,0
0,0,0,-0.0003347075126,0,0,0
0,0,0,-0.000340305915,0,0,0
0,0,0,-0.0003459662121,0,0,0
0,0,0,-0.0003516887393,0,0,0
0,0,0,-0.0003574738314,0,0,0
0,0,0,-0.0003633218234,0,0,0
0,0,0,-0.00036923305,0,0,0
0,0,0,-0.000375207846,0,0,0
0,0,0,-0.0003812465459,0,0,0
0,0,0,-0.000387349484,0,0,0
0,0,0,-0.0003935169949,0,0,0
0,0,0,-0.0003997494126,0,0,0
0,0,0,-0.0004060470713,0,0,0
0,0,0,-0.0004124103048,0,0,0
0,0,0,-0.0004188394472,0,0,0
0,0,0,-0.0004253348321,0,0,0
0,0,0,-0.000431896793,0,0,0
0,0,0,-0.0004385256637,0,0,0
0,0,0,-0.0004452217773,0,0,0
0,0,0,-0.0004519854671,0,0,0
0,0,0,-0.0004588170664,0,0,0
0,0,0,-0.000465716908,0,0,0
0,0,0,-0.0004726853249,0,0,0
0,0,0,-0.0004797226498,0,0,0
0,0,0,-0.0004868292153,0,0,0
0,0,0,-0.0004940053541,0,0,0
0,0,0,-0.0005012513983,0,0,0
0,0,0,-0.0005085676804,0,0,0
0,0,0,-0.0005159545325,0,0,0
0,0,0,-0.0005234122864,0,0,0
0,0,0,-0.0005309412742,0,0,0
0,0,0,-0.0005385418276,0,0,0
0,0,0,-0.0005462142781,0,0,0
0,0,0,-0.0005539589573,0,0,0
0,0,0,-0.0005617761964,0,0,0
0,0,0,-0.0005696663269,0,0,0
0,0,0,-0.0005776296796,0,0,0
0,0,0,-0.0005856665857,0,0,0
0,0,0,-0.0005937773758,0,0,0
0,0,0,-0.0006019623808,0,0,0
0,0,0,-0.0006102219311,0,0,0
0,0,0,-0.0006185563572,0,0,0
0,0,0,-0.0006269659894,0,0,0
0,0,0,-0.0006354511578,0,0,0
0,0,0,-0.0006440121925,0,0,0
0,0,0,-0.0006526494232,0,0,0
0,0,0,-0.0006613631798,0,0,0
0,0,0,-0.0006701537919,0,0,0
0,0,0,-0.0006790215889,0,0,0
0,0,0,-0.0006879669002,0,0,0
0,0,0,-0.0006969900548,0,0,0
0,0,0,-0.000706091382,0,0,0
0,0,0,-0.0007152712105,0,0,0
0,0,0,-0.0007245298691,0,0,0
0,0,0,-0.0007338676864,0,0,0
0,0,0,-0.000743284991,0,0,0
0,0,0,-0.0007527821111,0,0,0
0,0,0,-0.0007623593749,0,0,0
0,0,0,-0.0007720171105,0,0,0
0,0,0,-0.0007817556457,0,0,0
0,0,0,-0.0007915753083,0,0,0
0,0,0,-0.000801476426,0,0,0
0,0,0,-0.000811459326,0,0,0
0,0,0,-0.0008215243359,0,0,0
0,0,0,-0.0008316717826,0,0,0
0,0,0,-0.0008419019932,0,0,0
0,0,0,-0.0008522152946,0,0,0
0,0,0,-0.0008626120135,0,0,0
0,0,0,-0.0008730924765,0,0,0
0,0,0,-0.0008836570098,0,0,0
0,0,0,-0.0008943059399,0,0,0
0,0,0,-0.0009050395927,0,0,0
0,0,0,-0.0009158582943,0,0,0
0,0,0,-0.0009267623703,0,0,0
0,0,0,-0.0009377521466,0,0,0
0,0,0,-0.0009488279484,0,0,0
0,0,0,-0.0009599901013,0,0,0
0,0,0,-0.0009712389303,0,0,0
0,0,0,-0.0009825747604,0,0,0
0,0,0,-0.0009939979165,0,0,0
0,0,0,-0.001005508723,0,0,0
0,0,0,-0.001017107505,0,0,0
0,0,0,-0.001028794587,0,0,0
0,0,0,-0.001040570293,0,0,0
0,0,0,-0.001052434946,0,0,0
0,0,0,-0.001064388871,0,0,0
0,0,0,-0.001076432392,0,0,0
0,0,0,-0.001088565832,0,0,0
0,0,0,-0.001100789514,0,0,0
0,0,0,-0.001113103762,0,0,0
0,0,0,-0.001125508899,0,0,0
0,0,0,-0.001138005248,0,0,0
0,0,0,-0.001150593131,0,0,0
0,0,0,-0.001163272871,0,0,0
0,0,0,-0.001176044791,0,0,0
0,0,0,-0.001188909213,0,0,0
0,0,0,-0.001201866458,0,0,0
0,0,0,-0.001214916849,0,0,0
0,0,0,-0.001228060708,0,0,0
0,0,0,-0.001241298356,0,0,0
0,0,0,-0.001254630114,0,0,0
0,0,0,-0.001268056305,0,0,0
0,0,0,-0.001281577248,0,0,0
0,0,0,-0.001295193264,0,0,0
0,0,0,-0.001308904676,0,0,0
0,0,0,-0.001322711802,0,0,0
0,0,0,-0.001336614963,0,0,0
0,0,0,-0.001350614481,0,0,0
0,0,0,-0.001364710674,0,0,0
0,0,0,-0.001378903862,0,0,0
0,0,0,-0.001393194365,0,0,0
0,0,0,-0.001407582504,0,0,0
0,0,0,-0.001422068596,0,0,0
0,0,0,-0.001436652961,0,0,0
0,0,0,-0.001451335919,0,0,0
0,0,0,-0.001466117787,0,0,0
0,0,0,-0.001480998885,0,0,0
0,0,0,-0.001495979531,0,0,0
0,0,0,-0.001511060043,0,0,0
0,0,0,-0.001526240739,0,0,0
0,0,0,-0.001541521938,0,0,0
0,0,0,-0.001556903956,0,0,0
0,0,0,-0.001572387112,0,0,0
0,0,0,-0.001587971723,0,0,0
0,0,0,-0.001603658105,0,0,0
0,0,0,-0.001619446577,0,0,0
0,0,0,-0.001635337454,0,0,0
0,0,0,-0.001651331053,0,0,0
0,0,0,-0.001667427692,0,0,0
0,0,0,-0.001683627685,0,0,0
0,0,0,-0.001699931349,0,0,0
0,0,0,-0.001716339,0,0,0
0,0,0,-0.001732850953,0,0,0
0,0,0,-0.001749467525,0,0,0
0,0,0,-0.001766189029,0,0,0
0,0,0,-0.001783015783,0,0,0
0,0,0,-0.001799948099,0,0,0
0,0,0,-0.001816986294,0,0,0
0,0,0,-0.001834130681,0,0,0
0,0,0,-0.001851381574,0,0,0
0,0,0,-0.001868739289,0,0,0
0,0,0,-0.001886204139,0,0,0
0,0,0,-0.001903776438,0,0,0
0,0,0,-0.001921456499,0,0,0
0,0,0,-0.001939244635,0,0,0
0,0,0,-0.00195714116,0,0,0
0,0,0,-0.001975146387,0,0,0
0,0,0,-0.001993260629,0,0,0
0,0,0,-0.002011484198,0,0,0
0,0,0,-0.002029817406,0,0,0
0,0,0,-0.002048260566,0,0,0
0,0,0,-0.00206681399,0,0,0
0,0,0,-0.002085477989,0,0,0
0,0,0,-0.002104252875,0,0,0
0,0,0,-0.002123138959,0,0,0
0,0,0,-0.002142136553,0,0,0
0,0,0,-0.002161245968,0,0,0
0,0,0,-0.002180467514,0,0,0
0,0,0,-0.002199801501,0,0,0
0,0,0,-0.002219248241,0,0,0
0,0,0,-0.002238808044,0,0,0
0,0,0,-0.002258481219,0,0,0
0,0,0,-0.002278268076,0,0,0
0,0,0,-0.002298168924,0,0,0
0,0,0,-0.002318184074,0,0,0
0,0,0,-0.002338313834,0,0,0
0,0,0,-0.002358558513,0,0,0
0,0,0,-0.002378918419,0,0,0
0,0,0,-0.002399393862,0,0,0
0,0,0,-0.00241998515,0,0,0
0,0,0,-0.00244069259,0,0,0
0,0,0,-0.00246151649,0,0,0
0,0,0,-0.002482457159,0,0,0
0,0,0,-0.002503514904,0,0,0
0,0,0,-0.002524690031,0,0,0
0,0,0,-0.002545982849,0,0,0
0,0,0,-0.002567393663,0,0,0
0,0,0,-0.00258892278,0,0,0
0,0,0,-0.002610570507,0,0,0
0,0,0,-0.00263233715,0,0,0
0,0,0,-0.002654223015,0,0,0
0,0,0,-0.002676228407,0,0,0
0,0,0,-0.002698353633,0,0,0
0,0,0,-0.002720598996,0,0,0
0,0,0,-0.002742964804,0,0,0
0,0,0,-0.002765451359,0,0,0
0,0,0,-0.002788058968,0,0,0
0,0,0,-0.002810787934,0,0,0
0,0,0,-0.002833638562,0,0,0
0,0,0,-0.002856611155,0,0,0
0,0,0,-0.002879706018,0,0,0
0,0,0,-0.002902923454,0,0,0
0,0,0,-0.002926263766,0,0,0
0,0,0,-0.002949727257,0,0,0
0,0,0,-0.002973314231,0,0,0
0,0,0,-0.002997024989,0,0,0
0,0,0,-0.003020859835,0,0,0
0,0,0,-0.00304481907,0,0,0
0,0,0,-0.003068902997,0,0,0
0,0,0,-0.003093111917,0,0,0
0,0,0,-0.003117446132,0,0,0
0,0,0,-0.003141905943,0,0,0
0,0,0,-0.003166491651,0,0,0
0,0,0,-0.003191203557,0,0,0
0,0,0,-0.003216041961,0,0,0
0,0,0,-0.003241007165,0,0,0
0,0,0,-0.003266099467,0,0,0
0,0,0,-0.003291319169,0,0,0
0,0,0,-0.003316666569,0,0,0
0,0,0,-0.003342141968,0,0,0
0,0,0,-0.003367745664,0,0,0
0,0,0,-0.003393477956,0,0,0
0,0,0,-0.003419339144,0,0,0
0,0,0,-0.003445329525,0,0,0
0,0,0,-0.003471449398,0,0,0
0,0,0,-0.003497699062,0,0,0
0,0,0,-0.003524078813,0,0,0
0,0,0,-0.003550588949,0,0,0
0,0,0,-0.003577229769,0,0,0
0,0,0,-0.003604001568,0,0,0
0,0,0,-0.003630904644,0,0,0
0,0,0,-0.003657939293,0,0,0
0,0,0,-0.003685105812,0,0,0
0,0,0,-0.003712404498,0,0,0
0,0,0,-0.003739835645,0,0,0
0,0,0,-0.003767399549,0,0,0
0,0,0,-0.003795096507,0,0,0
0,0,0,-0.003822926813,0,0,0
0,0,0,-0.003850890761,0,0,0
0,0,0,-0.003878988648,0,0,0
0,0,0,-0.003907220767,0,0,0
0,0,0,-0.003935587413,0,0,0
0,0,0,-0.003964088879,0,0,0
0,0,0,-0.003992725459,0,0,0
0,0,0,-0.004021497447,0,0,0
0,0,0,-0.004050405136,0,0,0
0,0,0,-0.004079448819,0,0,0
0,0,0,-0.004108628788,0,0,0
0,0,0,-0.004137945337,0,0,0
0,0,0,-0.004167398757,0,0,0
0,0,0,-0.004196989341,0,0,0
0,0,0,-0.00422671738,0,0,0
0,0,0,-0.004256583166,0,0,0
0,0,0,-0.004286586989,0,0,0
0,0,0,-0.004316729142,0,0,0
0,0,0,-0.004347009914,0,0,0
0,0,0,-0.004377429597,0,0,0
0,0,0,-0.00440798848,0,0,0
0,0,0,-0.004438686853,0,0,0
0,0,0,-0.004469525007,0,0,0
0,0,0,-0.004500503231,0,0,0
0,0,0,-0.004531621813,0,0,0
0,0,0,-0.004562881043,0,0,0
0,0,0,-0.00459428121,0,0,0
0,0,0,-0.004625822602,0,0,0
0,0,0,-0.004657505508,0,0,0
0,0,0,-0.004689330214,0,0,0
0,0,0,-0.00472129701,0,0,0
0,0,0,-0.004753406182,0,0,0
0,0,0,-0.004785658018,0,0,0
0,0,0,-0.004818052804,0,0,0
0,0,0,-0.004850590827,0,0,0
0,0,0,-0.004883272374,0,0,0
0,0,0,-0.004916097731,0,0,0
0,0,0,-0.004949067183,0,0,0
0,0,0,-0.004982181017,0,0,0
0,0,0,-0.005015439517,0,0,0
0,0,0,-0.005048842968,0,0,0
0,0,0,-0.005082391656,0,0,0
0,0,0,-0.005116085865,0,0,0
0,0,0,-0.00514992588,0,0,0
0,0,0,-0.005183911984,0,0,0
0,0,0,-0.005218044461,0,0,0
0,0,0,-0.005252323595,0,0,0
0,0,0,-0.005286749668,0,0,0
0,0,0,-0.005321322965,0,0,0
0,0,0,-0.005356043767,0,0,0
0,0,0,-0.005390912357,0,0,0
0,0,0,-0.005425929017,0,0,0
0,0,0,-0.005461094029,0,0,0
0,0,0,-0.005496407675,0,0,0
0,0,0,-0.005531870236,0,0,0
0,0,0,-0.005567481993,0,0,0
0,0,0,-0.005603243227,0,0,0
0,0,0,-0.005639154218,0,0,0
0,0,0,-0.005675215247,0,0,0
0,0,0,-0.005711426594,0,0,0
0,0,0,-0.005747788539,0,0,0
0,0,0,-0.00578430136,0,0,0
0,0,0,-0.005820965337,0,0,0
0,0,0,-0.00585778075,0,0,0
0,0,0,-0.005894747876,0,0,0
0,0,0,-0.005931866994,0,0,0
0,0,0,-0.005969138382,0,0,0
0,0,0,-0.006006562317,0,0,0
0,0,0,-0.006044139079,0,0,0
0,0,0,-0.006081868942,0,0,0
0,0,0,-0.006119752186,0,0,0
0,0,0,-0.006157789085,0,0,0
0,0,0,-0.006195979917,0,0,0
0,0,0,-0.006234324958,0,0,0
0,0,0,-0.006272824484,0,0,0
0,0,0,-0.00631147877,0,0,0
0,0,0,-0.006350288091,0,0,0
0,0,0,-0.006389252722,0,0,0
0,0,0,-0.006428372939,0,0,0
0,0,0,-0.006467649016,0,0,0
0,0,0,-0.006507081226,0,0,0
0,0,0,-0.006546669843,0,0,0
0,0,0,-0.006586415142,0,0,0
0,0,0,-0.006626317396,0,0,0
0,0,0,-0.006666376877,0,0,0
0,0,0,-0.006706593858,0,0,0
0,0,0,-0.006746968612,0,0,0
0,0,0,-0.00678750141,0,0,0
0,0,0,-0.006828192526,0,0,0
0,0,0,-0.006869042229,0,0,0
0,0,0,-0.006910050792,0,0,0
0,0,0,-0.006951218486,0,0,0
0,0,0,-0.006992545581,0,0,0
0,0,0,-0.007034032347,0,0,0
0,0,0,-0.007075679055,0,0,0
0,0,0,-0.007117485975,0,0,0
0,0,0,-0.007159453376,0,0,0
0,0,0,-0.007201581528,0,0,0
0,0,0,-0.007243870698,0,0,0
0,0,0,-0.007286321157,0,0,0
0,0,0,-0.007328933173,0,0,0
0,0,0,-0.007371707012,0,0,0
0,0,0,-0.007414642944,0,0,0
0,0,0,-0.007457741236,0,0,0
0,0,0,-0.007501002155,0,0,0
0,0,0,-0.007544425968,0,0,0
0,0,0,-0.007588012941,0,0,0
0,0,0,-0.007631763341,0,0,0
0,0,0,-0.007675677433,0,0,0
0,0,0,-0.007719755484,0,0,0
0,0,0,-0.007763997759,0,0,0
0,0,0,-0.007808404523,0,0,0
0,0,0,-0.007852976041,0,0,0
0,0,0,-0.007897712577,0,0,0
0,0,0,-0.007942614395,0,0,0
0,0,0,-0.00798768176,0,0,0
0,0,0,-0.008032914935,0,0,0
0,0,0,-0.008078314184,0,0,0
0,0,0,-0.008123879768,0,0,0
0,0,0,-0.008169611952,0,0,0
0,0,0,-0.008215510997,0,0,0
0,0,0,-0.008261577166,0,0,0
0,0,0,-0.00830781072,0,0,0
0,0,0,-0.008354211921,0,0,0
0,0,0,-0.00840078103,0,0,0
0,0,0,-0.008447518308,0,0,0
0,0,0,-0.008494424015,0,0,0
0,0,0,-0.008541498412,0,0,0
0,0,0,-0.008588741758,0,0,0
0,0,0,-0.008636154314,0,0,0
0,0,0,-0.008683736338,0,0,0
0,0,0,-0.00873148809,0,0,0
0,0,0,-0.008779409829,0,0,0
0,0,0,-0.008827501812,0,0,0
0,0,0,-0.008875764298,0,0,0
0,0,0,-0.008924197544,0,0,0
0,0,0,-0.008972801809,0,0,0
0,0,0,-0.009021577349,0,0,0
0,0,0,-0.009070524421,0,0,0
0,0,0,-0.009119643282,0,0,0
0,0,0,-0.009168934188,0,0,0
0,0,0,-0.009218397395,0,0,0
0,0,0,-0.009268033158,0,0,0
0,0,0,-0.009317841732,0,0,0
0,0,0,-0.009367823374,0,0,0
0,0,0,-0.009417978336,0,0,0
0,0,0,-0.009468306875,0,0,0
0,0,0,-0.009518809243,0,0,0
0,0,0,-0.009569485694,0,0,0
0,0,0,-0.009620336482,0,0,0
0,0,0,-0.00967136186,0,0,0
0,0,0,-0.009722562081,0,0,0
0,0,0,-0.009773937396,0,0,0
0,0,0,-0.009825488059,0,0,0
0,0,0,-0.009877214321,0,0,0
0,0,0,-0.009929116433,0,0,0
0,0,0,-0.009981194647,0,0,0
0,0,0,-0.01003344921,0,0,0
0,0,0,-0.01008588038,0,0,0
0,0,0,-0.0101384884,0,0,0
0,0,0,-0.01019127353,0,0,0
0,0,0,-0.01024423601,0,0,0
0,0,0,-0.01029737608,0,0,0
0,0,0,-0.01035069401,0,0,0
0,0,0,-0.01040419004,0,0,0
0,0,0,-0.01045786442,0,0,0
0,0,0,-0.01051171739,0,0,0
0,0,0,-0.01056574921,0,0,0
0,0,0,-0.01061996011,0,0,0
0,0,0,-0.01067435035,0,0,0
0,0,0,-0.01072892018,0,0,0
0,0,0,-0.01078366983,0,0,0
0,0,0,-0.01083859956,0,0,0
0,0,0,-0.01089370962,0,0,0
0,0,0,-0.01094900024,0,0,0
0,0,0,-0.01100447167,0,0,0
0,0,0,-0.01106012416,0,0,0
0,0,0,-0.01111595795,0,0,0
0,0,0,-0.01117197328,0,0,0
0,0,0,-0.0112281704,0,0,0
0,0,0,-0.01128454956,0,0,0
0,0,0,-0.01134111099,0,0,0
0,0,0,-0.01139785493,0,0,0
0,0,0,-0.01145478164,0,0,0
0,0,0,-0.01151189135,0,0,0
0,0,0,-0.0115691843,0,0,0
0,0,0,-0.01162666073,0,0,0
0,0,0,-0.01168432089,0,0,0
0,0,0,-0.01174216502,0,0,0
0,0,0,-0.01180019335,0,0,0
0,0,0,-0.01185840614,0,0,0
0,0,0,-0.0119168036,0,0,0
0,0,0,-0.011975386,0,0,0
0,0,0,-0.01203415355,0,0,0
0,0,0,-0.01209310651,0,0,0
0,0,0,-0.01215224511,0,0,0
0,0,0,-0.01221156959,0,0,0
0,0,0,-0.01227108019,0,0,0
0,0,0,-0.01233077714,0,0,0
0,0,0,-0.01239066069,0,0,0
0,0,0,-0.01245073106,0,0,0
0,0,0,-0.01251098849,0,0,0
0,0,0,-0.01257143323,0,0,0
0,0,0,-0.0126320655,0,0,0
0,0,0,-0.01269288554,0,0,0
0,0,0,-0.01275389358,0,0,0
0,0,0,-0.01281508987,0,0,0
0,0,0,-0.01287647463,0,0,0
0,0,0,-0.01293804809,0,0,0
0,0,0,-0.0129998105,0,0,0
0,0,0,-0.01306176209,0,0,0
0,0,0,-0.01312390308,0,0,0
0,0,0,-0.01318623371,0,0,0
0,0,0,-0.01324875422,0,0,0
0,0,0,-0.01331146482,0,0,0
0,0,0,-0.01337436577,0,0,0
0,0,0,-0.01343745728,0,0,0
0,0,0,-0.01350073958,0,0,0
0,0,0,-0.01356421292,0,0,0
0,0,0,-0.01362787751,0,0,0
0,0,0,-0.01369173358,0,0,0
0,0,0,-0.01375578138,0,0,0
0,0,0,-0.01382002112,0,0,0
0,0,0,-0.01388445303,0,0,0
0,0,0,-0.01394907735,0,0,0
0,0,0,-0.0140138943,0,0,0
0,0,0,-0.0140789041,0,0,0
0,0,0,-0.01414410699,0,0,0
0,0,0,-0.01420950319,0,0,0
0,0,0,-0.01427509293,0,0,0
0,0,0,-0.01434087644,0,0,0
0,0,0,-0.01440685393,0,0,0
0,0,0,-0.01447302564,0,0,0
0,0,0,-0.01453939179,0,0,0
0,0,0,-0.01460595261,0,0,0
0,0,0,-0.01467270832,0,0,0
0,0,0,-0.01473965914,0,0,0
0,0,0,-0.01480680529,0,0,0
0,0,0,-0.01487414701,0,0,0
0,0,0,-0.01494168452,0,0,0
0,0,0,-0.01500941803,0,0,0
0,0,0,-0.01507734777,0,0,0
0,0,0,-0.01514547396,0,0,0
0,0,0,-0.01521379682,0,0,0
0,0,0,-0.01528231657,0,0,0
0,0,0,-0.01535103344,0,0,0
0,0,0,-0.01541994765,0,0,0
0,0,0,-0.0154890594,0,0,0
0,0,0,-0.01555836894,0,0,0
0,0,0,-0.01562787646,0,0,0
0,0,0,-0.0156975822,0,0,0
0,0,0,-0.01576748637,0,0,0
0,0,0,-0.01583758919,0,0,0
0,0,0,-0.01590789088,0,0,0
0,0,0,-0.01597839165,0,0,0
0,0,0,-0.01604909172,0,0,0
0,0,0,-0.01611999132,0,0,0
0,0,0,-0.01619109065,0,0,0
0,0,0,-0.01626238993,0,0,0
0,0,0,-0.01633388937,0,0,0
0,0,0,-0.0164055892,0,0,0
0,0,0,-0.01647748963,0,0,0
0,0,0,-0.01654959087,0,0,0
0,0,0,-0.01662189313,0,0,0
0,0,0,-0.01669439664,0,0,0
0,0,0,-0.0167671016,0,0,0
0,0,0,-0.01684000823,0,0,0
0,0,0,-0.01691311673,0,0,0
0,0,0,-0.01698642733,0,0,0
0,0,0,-0.01705994023,0,0,0
0,0,0,-0.01713365565,0,0,0
0,0,0,-0.01720757379,0,0,0
0,0,0,-0.01728169488,0,0,0
0,0,0,-0.01735601911,0,0,0
0,0,0,-0.0174305467,0,0,0
0,0,0,-0.01750527785,0,0,0
0,0,0,-0.01758021279,0,0,0
0,0,0,-0.01765535171,0,0,0
0,0,0,-0.01773069483,0,0,0
0,0,0,-0.01780624235,0,0,0
0,0,0,-0.01788199449,0,0,0
0,0,0,-0.01795795144,0,0,0
0,0,0,-0.01803411342,0,0,0
0,0,0,-0.01811048063,0,0,0
0,0,0,-0.01818705328,0,0,0
0,0,0,-0.01826383158,0,0,0
0,0,0,-0.01834081573,0,0,0
0,0,0,-0.01841800594,0,0,0
0,0,0,-0.0184954024,0,0,0
0,0,0,-0.01857300534,0,0,0
0,0,0,-0.01865081494,0,0,0
0,0,0,-0.01872883142,0,0,0
0,0,0,-0.01880705497,0,0,0
0,0,0,-0.01888548581,0,0,0
0,0,0,-0.01896412413,0,0,0
0,0,0,-0.01904297013,0,0,0
0,0,0,-0.01912202403,0,0,0
0,0,0,-0.01920128601,0,0,0
0,0,0,-0.01928075628,0,0,0
0,0,0,-0.01936043504,0,0,0
0,0,0,-0.01944032249,0,0,0
0,0,0,-0.01952041883,0,0,0
0,0,0,-0.01960072427,0,0,0
0,0,0,-0.01968123899,0,0,0
0,0,0,-0.0197619632,0,0,0
0,0,0,-0.0198428971,0,0,0
0,0,0,-0.01992404088,0,0,0
0,0,0,-0.02000539475,0,0,0
0,0,0,-0.0200869589,0,0,0
0,0,0,-0.02016873352,0,0,0
0,0,0,-0.02025071882,0,0,0
0,0,0,-0.02033291498,0,0,0
0,0,0,-0.02041532221,0,0,0
0,0,0,-0.0204979407,0,0,0
0,0,0,-0.02058077065,0,0,0
0,0,0,-0.02066381225,0,0,0
0,0,0,-0.02074706569,0,0,0
0,0,0,-0.02083053117,0,0,0
0,0,0,-0.02091420888,0,0,0
0,0,0,-0.02099809902,0,0,0
0,0,0,-0.02108220177,0,0,0
0,0,0,-0.02116651733,0,0,0
0,0,0,-0.02125104589,0,0,0
0,0,0,-0.02133578765,0,0,0
0,0,0,-0.02142074279,0,0,0
0,0,0,-0.0215059115,0,0,0
0,0,0,-0.02159129398,0,0,0
0,0,0,-0.02167689041,0,0,0
0,0,0,-0.02176270099,0,0,0
0,0,0,-0.0218487259,0,0,0
0,0,0,-0.02193496533,0,0,0
0,0,0,-0.02202141947,0,0,0
0,0,0,-0.02210808851,0,0,0
0,0,0,-0.02219497263,0,0,0
0,0,0,-0.02228207203,0,0,0
0,0,0,-0.02236938689,0,0,0
0,0,0,-0.02245691739,0,0,0
0,0,0,-0.02254466372,0,0,0
0,0,0,-0.02263262608,0,0,0
0,0,0,-0.02272080463,0,0,0
0,0,0,-0.02280919957,0,0,0
0,0,0,-0.02289781108,0,0,0
0,0,0,-0.02298663935,0,0,0
0,0,0,-0.02307568455,0,0,0
0,0,0,-0.02316494688,0,0,0
0,0,0,-0.02325442651,0,0,0
0,0,0,-0.02334412363,0,0,0
0,0,0,-0.02343403842,0,0,0
0,0,0,-0.02352417106,0,0,0
0,0,0,-0.02361452173,0,0,0
0,0,0,-0.02370509062,0,0,0
0,0,0,-0.02379587789,0,0,0
0,0,0,-0.02388688374,0,0,0
0,0,0,-0.02397810834,0,0,0
0,0,0,-0.02406955188,0,0,0
0,0,0,-0.02416121452,0,0,0
0,0,0,-0.02425309645,0,0,0
0,0,0,-0.02434519785,0,0,0
0,0,0,-0.02443751889,0,0,0
0,0,0,-0.02453005976,0,0,0
0,0,0,-0.02462282062,0,0,0
0,0,0,-0.02471580166,0,0,0
0,0,0,-0.02480900304,0,0,0
0,0,0,-0.02490242495,0,0,0
0,0,0,-0.02499606757,0,0,0
0,0,0,-0.02508993105,0,0,0
0,0,0,-0.02518401559,0,0,0
0,0,0,-0.02527832135,0,0,0
0,0,0,-0.02537284851,0,0,0
0,0,0,-0.02546759724,0,0,0
0,0,0,-0.02556256771,0,0,0
0,0,0,-0.0256577601,0,0,0
0,0,0,-0.02575317457,0,0,0
0,0,0,-0.0258488113,0,0,0
0,0,0,-0.02594467046,0,0,0
0,0,0,-0.02604075222,0,0,0
0,0,0,-0.02613705675,0,0,0
0,0,0,-0.02623358422,0,0,0
0,0,0,-0.0263303348,0,0,0
0,0,0,-0.02642730866,0,0,0
0,0,0,-0.02652450597,0,0,0
0,0,0,-0.02662192689,0,0,0
0,0,0,-0.02671957159,0,0,0
0,0,0,-0.02681744024,0,0,0
0,0,0,-0.02691553301,0,0,0
0,0,0,-0.02701385007,0,0,0
0,0,0,-0.02711239157,0,0,0
0,0,0,-0.02721115769,0,0,0
0,0,0,-0.02731014859,0,0,0
0,0,0,-0.02740936443,0,0,0
0,0,0,-0.02750880539,0,0,0
0,0,0,-0.02760847161,0,0,0
0,0,0,-0.02770836328,0,0,0
0,0,0,-0.02780848054,0,0,0
0,0,0,-0.02790882357,0,0,0
0,0,0,-0.02800939253,0,0,0
0,0,0,-0.02811018757,0,0,0
0,0,0,-0.02821120886,0,0,0
0,0,0,-0.02831245656,0,0,0
0,0,0,-0.02841393084,0,0,0
0,0,0,-0.02851563184,0,0,0
0,0,0,-0.02861755974,0,0,0
0,0,0,-0.02871971468,0,0,0
0,0,0,-0.02882209684,0,0,0
0,0,0,-0.02892470636,0,0,0
0,0,0,-0.02902754341,0,0,0
0,0,0,-0.02913060814,0,0,0
0,0,0,-0.02923390072,0,0,0
0,0,0,-0.02933742129,0,0,0
0,0,0,-0.02944117002,0,0,0
0,0,0,-0.02954514706,0,0,0
0,0,0,-0.02964935256,0,0,0
0,0,0,-0.02975378669,0,0,0
0,0,0,-0.02985844959,0,0,0
0,0,0,-0.02996334143,0,0,0
0,0,0,-0.03006846235,0,0,0
0,0,0,-0.0301738125,0,0,0
0,0,0,-0.03027939205,0,0,0
0,0,0,-0.03038520115,0,0,0
0,0,0,-0.03049123994,0,0,0
0,0,0,-0.03059750857,0,0,0
0,0,0,-0.03070400721,0,0,0
0,0,0,-0.030810736,0,0,0
0,0,0,-0.03091769509,0,0,0
0,0,0,-0.03102488463,0,0,0
0,0,0,-0.03113230477,0,0,0
0,0,0,-0.03123995567,0,0,0
0,0,0,-0.03134783746,0,0,0
0,0,0,-0.0314559503,0,0,0
0,0,0,-0.03156429434,0,0,0
0,0,0,-0.03167286972,0,0,0
0,0,0,-0.03178167659,0,0,0
0,0,0,-0.03189071509,0,0,0
0,0,0,-0.03199998538,0,0,0
0,0,0,-0.0321094876,0,0,0
0,0,0,-0.0322192219,0,0,0
0,0,0,-0.03232918842,0,0,0
0,0,0,-0.0324393873,0,0,0
0,0,0,-0.03254981868,0,0,0
0,0,0,-0.03266048272,0,0,0
0,0,0,-0.03277137956,0,0,0
0,0,0,-0.03288250934,0,0,0
0,0,0,-0.03299387219,0,0,0
0,0,0,-0.03310546827,0,0,0
0,0,0,-0.03321729772,0,0,0
0,0,0,-0.03332936067,0,0,0
0,0,0,-0.03344165726,0,0,0
0,0,0,-0.03355418765,0,0,0
0,0,0,-0.03366695196,0,0,0
0,0,0,-0.03377995033,0,0,0
0,0,0,-0.03389318291,0,0,0
0,0,0,-0.03400664984,0,0,0
0,0,0,-0.03412035124,0,0,0
0,0,0,-0.03423428727,0,0,0
0,0,0,-0.03434845805,0,0,0
0,0,0,-0.03446286373,0,0,0
0,0,0,-0.03457750443,0,0,0
0,0,0,-0.0346923803,0,0,0
0,0,0,-0.03480749148,0,0,0
0,0,0,-0.03492283808,0,0,0
0,0,0,-0.03503842026,0,0,0
0,0,0,-0.03515423815,0,0,0
0,0,0,-0.03527029187,0,0,0
0,0,0,-0.03538658157,0,0,0
0,0,0,-0.03550310737,0,0,0
0,0,0,-0.03561986941,0,0,0
0,0,0,-0.03573686782,0,0,0
0,0,0,-0.03585410273,0,0,0
0,0,0,-0.03597157427,0,0,0
0,0,0,-0.03608928258,0,0,0
0,0,0,-0.03620722778,0,0,0
0,0,0,-0.03632541,0,0,0
0,0,0,-0.03644382938,0,0,0
0,0,0,-0.03656248603,0,0,0
0,0,0,-0.0366813801,0,0,0
0,0,0,-0.03680051171,0,0,0
0,0,0,-0.03691988098,0,0,0
0,0,0,-0.03703948804,0,0,0
0,0,0,-0.03715933303,0,0,0
0,0,0,-0.03727941606,0,0,0
0,0,0,-0.03739973726,0,0,0
0,0,0,-0.03752029676,0,0,0
0,0,0,-0.03764109468,0,0,0
0,0,0,-0.03776213115,0,0,0
0,0,0,-0.03788340629,0,0,0
0,0,0,-0.03800492022,0,0,0
0,0,0,-0.03812667307,0,0,0
0,0,0,-0.03824866496,0,0,0
0,0,0,-0.03837089602,0,0,0
0,0,0,-0.03849336636,0,0,0
0,0,0,-0.03861607611,0,0,0
0,0,0,-0.03873902538,0,0,0
0,0,0,-0.0388622143,0,0,0
0,0,0,-0.03898564299,0,0,0
0,0,0,-0.03910931157,0,0,0
0,0,0,-0.03923322015,0,0,0
0,0,0,-0.03935736886,0,0,0
0,0,0,-0.03948175782,0,0,0
0,0,0,-0.03960638713,0,0,0
0,0,0,-0.03973125693,0,0,0
0,0,0,-0.03985636732,0,0,0
0,0,0,-0.03998171843,0,0,0
0,0,0,-0.04010731036,0,0,0
0,0,0,-0.04023314324,0,0,0
0,0,0,-0.04035921717,0,0,0
0,0,0,-0.04048553229,0,0,0
0,0,0,-0.04061208869,0,0,0
0,0,0,-0.04073888649,0,0,0
0,0,0,-0.04086592581,0,0,0
0,0,0,-0.04099320676,0,0,0
0,0,0,-0.04112072945,0,0,0
0,0,0,-0.041248494,0,0,0
0,0,0,-0.04137650051,0,0,0
0,0,0,-0.04150474909,0,0,0
0,0,0,-0.04163323987,0,0,0
0,0,0,-0.04176197294,0,0,0
0,0,0,-0.04189094842,0,0,0
0,0,0,-0.04202016641,0,0,0
0,0,0,-0.04214962703,0,0,0
0,0,0,-0.04227933039,0,0,0
0,0,0,-0.04240927658,0,0,0
0,0,0,-0.04253946573,0,0,0
0,0,0,-0.04266989793,0,0,0
0,0,0,-0.0428005733,0,0,0
0,0,0,-0.04293149194,0,0,0
0,0,0,-0.04306265395,0,0,0
0,0,0,-0.04319405944,0,0,0
0,0,0,-0.04332570852,0,0,0
0,0,0,-0.04345760129,0,0,0
0,0,0,-0.04358973785,0,0,0
0,0,0,-0.04372211831,0,0,0
0,0,0,-0.04385474277,0,0,0
0,0,0,-0.04398761133,0,0,0
0,0,0,-0.0441207241,0,0,0
0,0,0,-0.04425408117,0,0,0
0,0,0,-0.04438768266,0,0,0
0,0,0,-0.04452152865,0,0,0
0,0,0,-0.04465561925,0,0,0
0,0,0,-0.04478995456,0,0,0
0,0,0,-0.04492453468,0,0,0
0,0,0,-0.0450593597,0,0,0
0,0,0,-0.04519442974,0,0,0
0,0,0,-0.04532974487,0,0,0
0,0,0,-0.04546530521,0,0,0
0,0,0,-0.04560111084,0,0,0
0,0,0,-0.04573716188,0,0,0
0,0,0,-0.0458734584,0,0,0
0,0,0,-0.04601000051,0,0,0
0,0,0,-0.0461467883,0,0,0
0,0,0,-0.04628382187,0,0,0
0,0,0,-0.04642110131,0,0,0
0,0,0,-0.04655862672,0,0,0
0,0,0,-0.04669639819,0,0,0
0,0,0,-0.0468344158,0,0,0
0,0,0,-0.04697267967,0,0,0
0,0,0,-0.04711118987,0,0,0
0,0,0,-0.0472499465,0,0,0
0,0,0,-0.04738894964,0,0,0
0,0,0,-0.0475281994,0,0,0
0,0,0,-0.04766769586,0,0,0
0,0,0,-0.04780743911,0,0,0
0,0,0,-0.04794742924,0,0,0
0,0,0,-0.04808766634,0,0,0
0,0,0,-0.04822815049,0,0,0
0,0,0,-0.04836888179,0,0,0
0,0,0,-0.04850986032,0,0,0
0,0,0,-0.04865108617,0,0,0
0,0,0,-0.04879255943,0,0,0
0,0,0,-0.04893428018,0,0,0
0,0,0,-0.04907624851,0,0,0
0,0,0,-0.0492184645,0,0,0
0,0,0,-0.04936092824,0,0,0
0,0,0,-0.04950363981,0,0,0
0,0,0,-0.04964659929,0,0,0
0,0,0,-0.04978980678,0,0,0
0,0,0,-0.04993326234,0,0,0
0,0,0,-0.05007696608,0,0,0
0,0,0,-0.05022091805,0,0,0
0,0,0,-0.05036511836,0,0,0
0,0,0,-0.05050956707,0,0,0
0,0,0,-0.05065426427,0,0,0
0,0,0,-0.05079921005,0,0,0
0,0,0,-0.05094440447,0,0,0
0,0,0,-0.05108984762,0,0,0
0,0,0,-0.05123553958,0,0,0
0,0,0,-0.05138148042,0,0,0
0,0,0,-0.05152767022,0,0,0
0,0,0,-0.05167410907,0,0,0
0,0,0,-0.05182079703,0,0,0
0,0,0,-0.05196773419,0,0,0
0,0,0,-0.05211492061,0,0,0
0,0,0,-0.05226235638,0,0,0
0,0,0,-0.05241004157,0,0,0
0,0,0,-0.05255797626,0,0,0
0,0,0,-0.05270616051,0,0,0
0,0,0,-0.0528545944,0,0,0
0,0,0,-0.05300327801,0,0,0
0,0,0,-0.05315221141,0,0,0
0,0,0,-0.05330139467,0,0,0
0,0,0,-0.05345082785,0,0,0
0,0,0,-0.05360051105,0,0,0
0,0,0,-0.05375044431,0,0,0
0,0,0,-0.05390062772,0,0,0
0,0,0,-0.05405106134,0,0,0
0,0,0,-0.05420174525,0,0,0
0,0,0,-0.05435267951,0,0,0
0,0,0,-0.05450386418,0,0,0
0,0,0,-0.05465529935,0,0,0
0,0,0,-0.05480698507,0,0,0
0,0,0,-0.05495892142,0,0,0
0,0,0,-0.05511110845,0,0,0
0,0,0,-0.05526354624,0,0,0
0,0,0,-0.05541623485,0,0,0
0,0,0,-0.05556917435,0,0,0
0,0,0,-0.0557223648,0,0,0
0,0,0,-0.05587580626,0,0,0
0,0,0,-0.05602949881,0,0,0
0,0,0,-0.05618344249,0,0,0
0,0,0,-0.05633763738,0,0,0
0,0,0,-0.05649208354,0,0,0
0,0,0,-0.05664678103,0,0,0
0,0,0,-0.0568017299,0,0,0
0,0,0,-0.05695693023,0,0,0
0,0,0,-0.05711238207,0,0,0
0,0,0,-0.05726808549,0,0,0
0,0,0,-0.05742404053,0,0,0
0,0,0,-0.05758024727,0,0,0
0,0,0,-0.05773670575,0,0,0
0,0,0,-0.05789341604,0,0,0
0,0,0,-0.0580503782,0,0,0
0,0,0,-0.05820759228,0,0,0
0,0,0,-0.05836505833,0,0,0
0,0,0,-0.05852277643,0,0,0
0,0,0,-0.05868074661,0,0,0
0,0,0,-0.05883896894,0,0,0
0,0,0,-0.05899744346,0,0,0
0,0,0,-0.05915617025,0,0,0
0,0,0,-0.05931514934,0,0,0
0,0,0,-0.05947438079,0,0,0
0,0,0,-0.05963386466,0,0,0
0,0,0,-0.059793601,0,0,0
0,0,0,-0.05995358985,0,0,0
0,0,0,-0.06011383128,0,0,0
0,0,0,-0.06027432533,0,0,0
0,0,0,-0.06043507205,0,0,0
0,0,0,-0.06059607149,0,0,0
0,0,0,-0.06075732371,0,0,0
0,0,0,-0.06091882874,0,0,0
0,0,0,-0.06108058665,0,0,0
0,0,0,-0.06124259747,0,0,0
0,0,0,-0.06140486126,0,0,0
0,0,0,-0.06156737806,0,0,0
0,0,0,-0.06173014793,0,0,0
0,0,0,-0.06189317089,0,0,0
0,0,0,-0.06205644701,0,0,0
0,0,0,-0.06221997632,0,0,0
0,0,0,-0.06238375888,0,0,0
0,0,0,-0.06254779472,0,0,0
0,0,0,-0.0627120839,0,0,0
0,0,0,-0.06287662644,0,0,0
0,0,0,-0.0630414224,0,0,0
0,0,0,-0.06320647182,0,0,0
0,0,0,-0.06337177474,0,0,0
0,0,0,-0.0635373312,0,0,0
0,0,0,-0.06370314125,0,0,0
0,0,0,-0.06386920492,0,0,0
0,0,0,-0.06403552225,0,0,0
0,0,0,-0.06420209328,0,0,0
0,0,0,-0.06436891806,0,0,0
0,0,0,-0.06453599662,0,0,0
0,0,0,-0.06470332899,0,0,0
0,0,0,-0.06487091523,0,0,0
0,0,0,-0.06503875535,0,0,0
0,0,0,-0.06520684941,0,0,0
0,0,0,-0.06537519744,0,0,0
0,0,0,-0.06554379946,0,0,0
0,0,0,-0.06571265553,0,0,0
0,0,0,-0.06588176567,0,0,0
0,0,0,-0.06605112991,0,0,0
0,0,0,-0.06622074829,0,0,0
0,0,0,-0.06639062085,0,0,0
0,0,0,-0.06656074762,0,0,0
0,0,0,-0.06673112863,0,0,0
0,0,0,-0.0669017639,0,0,0
0,0,0,-0.06707265348,0,0,0
0,0,0,-0.0672437974,0,0,0
0,0,0,-0.06741519567,0,0,0
0,0,0,-0.06758684834,0,0,0
0,0,0,-0.06775875544,0,0,0
0,0,0,-0.06793091699,0,0,0
0,0,0,-0.06810333302,0,0,0
0,0,0,-0.06827600356,0,0,0
0,0,0,-0.06844892863,0,0,0
0,0,0,-0.06862210827,0,0,0
0,0,0,-0.06879554251,0,0,0
0,0,0,-0.06896923135,0,0,0
0,0,0,-0.06914317485,0,0,0
0,0,0,-0.06931737301,0,0,0
0,0,0,-0.06949182586,0,0,0
0,0,0,-0.06966653343,0,0,0
0,0,0,-0.06984149573,0,0,0
0,0,0,-0.07001671281,0,0,0
0,0,0,-0.07019218467,0,0,0
0,0,0,-0.07036791134,0,0,0
0,0,0,-0.07054389284,0,0,0
0,0,0,-0.07072012919,0,0,0
0,0,0,-0.07089662042,0,0,0
0,0,0,-0.07107336654,0,0,0
0,0,0,-0.07125036757,0,0,0
0,0,0,-0.07142762353,0,0,0
0,0,0,-0.07160513445,0,0,0
0,0,0,-0.07178290034,0,0,0
0,0,0,-0.07196092122,0,0,0
0,0,0,-0.0721391971,0,0,0
0,0,0,-0.072317728,0,0,0
0,0,0,-0.07249651395,0,0,0
0,0,0,-0.07267555495,0,0,0
0,0,0,-0.07285485102,0,0,0
0,0,0,-0.07303440217,0,0,0
0,0,0,-0.07321420843,0,0,0
0,0,0,-0.07339426981,0,0,0
0,0,0,-0.07357458631,0,0,0
0,0,0,-0.07375515795,0,0,0
0,0,0,-0.07393598475,0,0,0
0,0,0,-0.07411706671,0,0,0
0,0,0,-0.07429840385,0,0,0
0,0,0,-0.07447999619,0,0,0
0,0,0,-0.07466184372,0,0,0
0,0,0,-0.07484394646,0,0,0
0,0,0,-0.07502630443,0,0,0
0,0,0,-0.07520891762,0,0,0
0,0,0,-0.07539178605,0,0,0
0,0,0,-0.07557490973,0,0,0
0,0,0,-0.07575828866,0,0,0
0,0,0,-0.07594192286,0,0,0
0,0,0,-0.07612581232,0,0,0
0,0,0,-0.07630995706,0,0,0
0,0,0,-0.07649435708,0,0,0
0,0,0,-0.07667901239,0,0,0
0,0,0,-0.07686392299,0,0,0
0,0,0,-0.07704908889,0,0,0
0,0,0,-0.07723451008,0,0,0
0,0,0,-0.07742018658,0,0,0
0,0,0,-0.07760611839,0,0,0
0,0,0,-0.0777923055,0,0,0
0,0,0,-0.07797874793,0,0,0
0,0,0,-0.07816544567,0,0,0
0,0,0,-0.07835239872,0,0,0
0,0,0,-0.07853960709,0,0,0
0,0,0,-0.07872707077,0,0,0
0,0,0,-0.07891478977,0,0,0
0,0,0,-0.07910276408,0,0,0
0,0,0,-0.0792909937,0,0,0
0,0,0,-0.07947947863,0,0,0
0,0,0,-0.07966821887,0,0,0
0,0,0,-0.07985721442,0,0,0
0,0,0,-0.08004646527,0,0,0
0,0,0,-0.08023597141,0,0,0
0,0,0,-0.08042573285,0,0,0
0,0,0,-0.08061574958,0,0,0
0,0,0,-0.08080602159,0,0,0
0,0,0,-0.08099654888,0,0,0
0,0,0,-0.08118733144,0,0,0
0,0,0,-0.08137836927,0,0,0
0,0,0,-0.08156966235,0,0,0
0,0,0,-0.08176121069,0,0,0
0,0,0,-0.08195301427,0,0,0
0,0,0,-0.08214507308,0,0,0
0,0,0,-0.08233738711,0,0,0
0,0,0,-0.08252995637,0,0,0
0,0,0,-0.08272278082,0,0,0
0,0,0,-0.08291586047,0,0,0
0,0,0,-0.08310919531,0,0,0
0,0,0,-0.08330278531,0,0,0
0,0,0,-0.08349663048,0,0,0
0,0,0,-0.08369073079,0,0,0
0,0,0,-0.08388508624,0,0,0
0,0,0,-0.0840796968,0,0,0
0,0,0,-0.08427456248,0,0,0
0,0,0,-0.08446968325,0,0,0
0,0,0,-0.08466505909,0,0,0
0,0,0,-0.08486069,0,0,0
0,0,0,-0.08505657595,0,0,0
0,0,0,-0.08525271693,0,0,0
0,0,0,-0.08544911293,0,0,0
0,0,0,-0.08564576392,0,0,0
0,0,0,-0.08584266989,0,0,0
0,0,0,-0.08603983081,0,0,0
0,0,0,-0.08623724668,0,0,0
0,0,0,-0.08643491747,0,0,0
0,0,0,-0.08663284316,0,0,0
0,0,0,-0.08683102374,0,0,0
0,0,0,-0.08702945917,0,0,0
0,0,0,-0.08722814944,0,0,0
0,0,0,-0.08742709453,0,0,0
0,0,0,-0.08762629442,0,0,0
0,0,0,-0.08782574907,0,0,0
0,0,0,-0.08802545848,0,0,0
0,0,0,-0.08822542261,0,0,0
0,0,0,-0.08842564145,0,0,0
0,0,0,-0.08862611496,0,0,0
0,0,0,-0.08882684312,0,0,0
0,0,0,-0.08902782591,0,0,0
0,0,0,-0.0892290633,0,0,0
0,0,0,-0.08943055526,0,0,0
0,0,0,-0.08963230177,0,0,0
0,0,0,-0.08983430279,0,0,0
0,0,0,-0.09003655831,0,0,0
0,0,0,-0.09023906829,0,0,0
0,0,0,-0.0904418327,0,0,0
0,0,0,-0.09064485152,0,0,0
0,0,0,-0.09084812471,0,0,0
0,0,0,-0.09105165224,0,0,0
0,0,0,-0.09125543409,0,0,0
0,0,0,-0.09145947022,0,0,0
0,0,0,-0.09166376059,0,0,0
0,0,0,-0.09186830518,0,0,0
0,0,0,-0.09207310396,0,0,0
0,0,0,-0.09227815688,0,0,0
0,0,0,-0.09248346392,0,0,0
0,0,0,-0.09268902504,0,0,0
0,0,0,-0.09289484021,0,0,0
0,0,0,-0.09310090939,0,0,0
0,0,0,-0.09330723255,0,0,0
0,0,0,-0.09351380965,0,0,0
0,0,0,-0.09372064064,0,0,0
0,0,0,-0.09392772551,0,0,0
0,0,0,-0.0941350642,0,0,0
0,0,0,-0.09434265668,0,0,0
0,0,0,-0.09455050291,0,0,0
0,0,0,-0.09475860285,0,0,0
0,0,0,-0.09496695647,0,0,0
0,0,0,-0.09517556371,0,0,0
0,0,0,-0.09538442455,0,0,0
0,0,0,-0.09559353893,0,0,0
0,0,0,-0.09580290682,0,0,0
0,0,0,-0.09601252818,0,0,0
0,0,0,-0.09622240296,0,0,0
0,0,0,-0.09643253112,0,0,0
0,0,0,-0.09664291262,0,0,0
0,0,0,-0.09685354741,0,0,0
0,0,0,-0.09706443544,0,0,0
0,0,0,-0.09727557668,0,0,0
0,0,0,-0.09748697108,0,0,0
0,0,0,-0.09769861858,0,0,0
0,0,0,-0.09791051916,0,0,0
0,0,0,-0.09812267274,0,0,0
0,0,0,-0.0983350793,0,0,0
0,0,0,-0.09854773878,0,0,0
0,0,0,-0.09876065113,0,0,0
0,0,0,-0.09897381631,0,0,0
0,0,0,-0.09918723426,0,0,0
0,0,0,-0.09940090494,0,0,0
0,0,0,-0.09961482829,0,0,0
0,0,0,-0.09982900427,0,0,0
0,0,0,-0.1000434328,0,0,0
0,0,0,-0.1002581139,0,0,0
0,0,0,-0.1004730474,0,0,0
0,0,0,-0.1006882334,0,0,0
0,0,0,-0.1009036717,0,0,0
0,0,0,-0.1011193623,0,0,0
0,0,0,-0.1013353052,0,0,0
0,0,0,-0.1015515002,0,0,0
0,0,0,-0.1017679475,0,0,0
0,0,0,-0.1019846468,0,0,0
0,0,0,-0.1022015981,0,0,0
0,0,0,-0.1024188014,0,0,0
0,0,0,-0.1026362566,0,0,0
0,0,0,-0.1028539637,0,0,0
0,0,0,-0.1030719226,0,0,0
0,0,0,-0.1032901333,0,0,0
0,0,0,-0.1035085956,0,0,0
0,0,0,-0.1037273095,0,0,0
0,0,0,-0.103946275,0,0,0
0,0,0,-0.104165492,0,0,0
0,0,0,-0.1043849605,0,0,0
0,0,0,-0.1046046803,0,0,0
0,0,0,-0.1048246515,0,0,0
0,0,0,-0.1050448739,0,0,0
0,0,0,-0.1052653475,0,0,0
0,0,0,-0.1054860722,0,0,0
0,0,0,-0.105707048,0,0,0
0,0,0,-0.1059282748,0,0,0
0,0,0,-0.1061497525,0,0,0
0,0,0,-0.1063714811,0,0,0
0,0,0,-0.1065934605,0,0,0
0,0,0,-0.1068156907,0,0,0
0,0,0,-0.1070381715,0,0,0
0,0,0,-0.1072609029,0,0,0
0,0,0,-0.1074838849,0,0,0
0,0,0,-0.1077071173,0,0,0
0,0,0,-0.1079306001,0,0,0
0,0,0,-0.1081543333,0,0,0
0,0,0,-0.1083783167,0,0,0
0,0,0,-0.1086025503,0,0,0
0,0,0,-0.108827034,0,0,0
0,0,0,-0.1090517678,0,0,0
0,0,0,-0.1092767515,0,0,0
0,0,0,-0.1095019852,0,0,0
0,0,0,-0.1097274687,0,0,0
0,0,0,-0.1099532019,0,0,0
0,0,0,-0.1101791848,0,0,0
0,0,0,-0.1104054174,0,0,0
0,0,0,-0.1106318994,0,0,0
0,0,0,-0.1108586309,0,0,0
0,0,0,-0.1110856119,0,0,0
0,0,0,-0.1113128421,0,0,0
0,0,0,-0.1115403215,0,0,0
0,0,0,-0.1117680501,0,0,0
0,0,0,-0.1119960278,0,0,0
0,0,0,-0.1122242545,0,0,0
0,0,0,-0.1124527301,0,0,0
0,0,0,-0.1126814545,0,0,0
0,0,0,-0.1129104277,0,0,0
0,0,0,-0.1131396496,0,0,0
0,0,0,-0.1133691201,0,0,0
0,0,0,-0.1135988391,0,0,0
0,0,0,-0.1138288065,0,0,0
0,0,0,-0.1140590223,0,0,0
0,0,0,-0.1142894864,0,0,0
0,0,0,-0.1145201987,0,0,0
0,0,0,-0.114751159,0,0,0
0,0,0,-0.1149823674,0,0,0
0,0,0,-0.1152138238,0,0,0
0,0,0,-0.115445528,0,0,0
0,0,0,-0.1156774799,0,0,0
0,0,0,-0.1159096796,0,0,0
0,0,0,-0.1161421268,0,0,0
0,0,0,-0.1163748216,0,0,0
0,0,0,-0.1166077638,0,0,0
0,0,0,-0.1168409533,0,0,0
0,0,0,-0.1170743901,0,0,0
0,0,0,-0.117308074,0,0,0
0,0,0,-0.117542005,0,0,0
0,0,0,-0.117776183,0,0,0
0,0,0,-0.1180106078,0,0,0
0,0,0,-0.1182452795,0,0,0
0,0,0,-0.1184801979,0,0,0
0,0,0,-0.1187153629,0,0,0
0,0,0,-0.1189507744,0,0,0
0,0,0,-0.1191864324,0,0,0
0,0,0,-0.1194223367,0,0,0
0,0,0,-0.1196584872,0,0,0
0,0,0,-0.1198948839,0,0,0
0,0,0,-0.1201315267,0,0,0
0,0,0,-0.1203684154,0,0,0
0,0,0,-0.12060555,0,0,0
0,0,0,-0.1208429303,0,0,0
0,0,0,-0.1210805564,0,0,0
0,0,0,-0.121318428,0,0,0
0,0,0,-0.1215565451,0,0,0
0,0,0,-0.1217949076,0,0,0
0,0,0,-0.1220335153,0,0,0
0,0,0,-0.1222723683,0,0,0
0,0,0,-0.1225114663,0,0,0
0,0,0,-0.1227508094,0,0,0
0,0,0,-0.1229903973,0,0,0
0,0,0,-0.12323023,0,0,0
0,0,0,-0.1234703074,0,0,0
0,0,0,-0.1237106293,0,0,0
0,0,0,-0.1239511958,0,0,0
0,0,0,-0.1241920066,0,0,0
0,0,0,-0.1244330618,0,0,0
0,0,0,-0.1246743611,0,0,0
0,0,0,-0.1249159044,0,0,0
0,0,0,-0.1251576917,0,0,0
0,0,0,-0.1253997229,0,0,0
0,0,0,-0.1256419979,0,0,0
0,0,0,-0.1258845164,0,0,0
0,0,0,-0.1261272786,0,0,0
0,0,0,-0.1263702841,0,0,0
0,0,0,-0.126613533,0,0,0
0,0,0,-0.1268570252,0,0,0
0,0,0,-0.1271007604,0,0,0
0,0,0,-0.1273447386,0,0,0
0,0,0,-0.1275889597,0,0,0
0,0,0,-0.1278334236,0,0,0
0,0,0,-0.1280781302,0,0,0
0,0,0,-0.1283230794,0,0,0
0,0,0,-0.128568271,0,0,0
0,0,0,-0.1288137049,0,0,0
0,0,0,-0.1290593811,0,0,0
0,0,0,-0.1293052994,0,0,0
0,0,0,-0.1295514597,0,0,0
0,0,0,-0.1297978618,0,0,0
0,0,0,-0.1300445058,0,0,0
0,0,0,-0.1302913914,0,0,0
0,0,0,-0.1305385186,0,0,0
0,0,0,-0.1307858871,0,0,0
0,0,0,-0.1310334971,0,0,0
0,0,0,-0.1312813482,0,0,0
0,0,0,-0.1315294403,0,0,0
0,0,0,-0.1317777735,0,0,0
0,0,0,-0.1320263475,0,0,0
0,0,0,-0.1322751622,0,0,0
0,0,0,-0.1325242175,0,0,0
0,0,0,-0.1327735134,0,0,0
0,0,0,-0.1330230496,0,0,0
0,0,0,-0.133272826,0,0,0
0,0,0,-0.1335228426,0,0,0
0,0,0,-0.1337730992,0,0,0
0,0,0,-0.1340235956,0,0,0
0,0,0,-0.1342743319,0,0,0
0,0,0,-0.1345253077,0,0,0
0,0,0,-0.1347765231,0,0,0
0,0,0,-0.1350279779,0,0,0
0,0,0,-0.135279672,0,0,0
0,0,0,-0.1355316052,0,0,0
0,0,0,-0.1357837774,0,0,0
0,0,0,-0.1360361886,0,0,0
0,0,0,-0.1362888385,0,0,0
0,0,0,-0.136541727,0,0,0
0,0,0,-0.1367948541,0,0,0
0,0,0,-0.1370482196,0,0,0
0,0,0,-0.1373018233,0,0,0
0,0,0,-0.1375556651,0,0,0
0,0,0,-0.137809745,0,0,0
0,0,0,-0.1380640627,0,0,0
0,0,0,-0.1383186182,0,0,0
0,0,0,-0.1385734113,0,0,0
0,0,0,-0.1388284419,0,0,0
0,0,0,-0.1390837099,0,0,0
0,0,0,-0.1393392151,0,0,0
0,0,0,-0.1395949573,0,0,0
0,0,0,-0.1398509366,0,0,0
0,0,0,-0.1401071526,0,0,0
0,0,0,-0.1403636054,0,0,0
0,0,0,-0.1406202947,0,0,0
0,0,0,-0.1408772204,0,0,0
0,0,0,-0.1411343824,0,0,0
0,0,0,-0.1413917806,0,0,0
0,0,0,-0.1416494148,0,0,0
0,0,0,-0.1419072849,0,0,0
0,0,0,-0.1421653908,0,0,0
0,0,0,-0.1424237322,0,0,0
0,0,0,-0.1426823091,0,0,0
0,0,0,-0.1429411214,0,0,0
0,0,0,-0.1432001688,0,0,0
0,0,0,-0.1434594513,0,0,0
0,0,0,-0.1437189688,0,0,0
0,0,0,-0.143978721,0,0,0
0,0,0,-0.1442387078,0,0,0
0,0,0,-0.1444989292,0,0,0
0,0,0,-0.1447593848,0,0,0
0,0,0,-0.1450200748,0,0,0
0,0,0,-0.1452809987,0,0,0
0,0,0,-0.1455421566,0,0,0
0,0,0,-0.1458035483,0,0,0
0,0,0,-0.1460651737,0,0,0
0,0,0,-0.1463270325,0,0,0
0,0,0,-0.1465891247,0,0,0
0,0,0,-0.1468514501,0,0,0
0,0,0,-0.1471140085,0,0,0
0,0,0,-0.1473767999,0,0,0
0,0,0,-0.1476398241,0,0,0
0,0,0,-0.1479030808,0,0,0
0,0,0,-0.1481665701,0,0,0
0,0,0,-0.1484302917,0,0,0
0,0,0,-0.1486942454,0,0,0
0,0,0,-0.1489584312,0,0,0
0,0,0,-0.1492228489,0,0,0
0,0,0,-0.1494874983,0,0,0
0,0,0,-0.1497523792,0,0,0
0,0,0,-0.1500174917,0,0,0
0,0,0,-0.1502828353,0,0,0
0,0,0,-0.1505484102,0,0,0
0,0,0,-0.150814216,0,0,0
0,0,0,-0.1510802526,0,0,0
0,0,0,-0.1513465199,0,0,0
0,0,0,-0.1516130177,0,0,0
0,0,0,-0.1518797459,0,0,0
0,0,0,-0.1521467043,0,0,0
0,0,0,-0.1524138927,0,0,0
0,0,0,-0.1526813111,0,0,0
0,0,0,-0.1529489592,0,0,0
0,0,0,-0.1532168368,0,0,0
0,0,0,-0.1534849439,0,0,0
0,0,0,-0.1537532803,0,0,0
0,0,0,-0.1540218458,0,0,0
0,0,0,-0.1542906403,0,0,0
0,0,0,-0.1545596636,0,0,0
0,0,0,-0.1548289155,0,0,0
0,0,0,-0.1550983959,0,0,0
0,0,0,-0.1553681046,0,0,0
0,0,0,-0.1556380415,0,0,0
0,0,0,-0.1559082063,0,0,0
0,0,0,-0.156178599,0,0,0
0,0,0,-0.1564492194,0,0,0
0,0,0,-0.1567200674,0,0,0
0,0,0,-0.1569911426,0,0,0
0,0,0,-0.1572624451,0,0,0
0,0,0,-0.1575339746,0,0,0
0,0,0,-0.1578057309,0,0,0
0,0,0,-0.158077714,0,0,0
0,0,0,-0.1583499236,0,0,0
0,0,0,-0.1586223595,0,0,0
0,0,0,-0.1588950217,0,0,0
0,0,0,-0.1591679099,0,0,0
0,0,0,-0.159441024,0,0,0
0,0,0,-0.1597143638,0,0,0
0,0,0,-0.1599879291,0,0,0
0,0,0,-0.1602617197,0,0,0
0,0,0,-0.1605357356,0,0,0
0,0,0,-0.1608099765,0,0,0
0,0,0,-0.1610844423,0,0,0
0,0,0,-0.1613591328,0,0,0
0,0,0,-0.1616340478,0,0,0
0,0,0,-0.1619091871,0,0,0
0,0,0,-0.1621845506,0,0,0
0,0,0,-0.1624601382,0,0,0
0,0,0,-0.1627359495,0,0,0
0,0,0,-0.1630119845,0,0,0
0,0,0,-0.1632882431,0,0,0
0,0,0,-0.1635647249,0,0,0
0,0,0,-0.1638414299,0,0,0
0,0,0,-0.1641183578,0,0,0
0,0,0,-0.1643955086,0,0,0
0,0,0,-0.1646728819,0,0,0
0,0,0,-0.1649504777,0,0,0
0,0,0,-0.1652282958,0,0,0
0,0,0,-0.165506336,0,0,0
0,0,0,-0.165784598,0,0,0
0,0,0,-0.1660630818,0,0,0
0,0,0,-0.1663417872,0,0,0
0,0,0,-0.1666207139,0,0,0
0,0,0,-0.1668998619,0,0,0
0,0,0,-0.1671792309,0,0,0
0,0,0,-0.1674588207,0,0,0
0,0,0,-0.1677386311,0,0,0
0,0,0,-0.1680186621,0,0,0
0,0,0,-0.1682989133,0,0,0
0,0,0,-0.1685793847,0,0,0
0,0,0,-0.168860076,0,0,0
0,0,0,-0.1691409871,0,0,0
0,0,0,-0.1694221177,0,0,0
0,0,0,-0.1697034677,0,0,0
0,0,0,-0.1699850369,0,0,0
0,0,0,-0.1702668252,0,0,0
0,0,0,-0.1705488322,0,0,0
0,0,0,-0.1708310579,0,0,0
0,0,0,-0.1711135021,0,0,0
0,0,0,-0.1713961646,0,0,0
0,0,0,-0.1716790452,0,0,0
0,0,0,-0.1719621436,0,0,0
0,0,0,-0.1722454598,0,0,0
0,0,0,-0.1725289935,0,0,0
0,0,0,-0.1728127445,0,0,0
0,0,0,-0.1730967127,0,0,0
0,0,0,-0.1733808979,0,0,0
0,0,0,-0.1736652998,0,0,0
0,0,0,-0.1739499184,0,0,0
0,0,0,-0.1742347533,0,0,0
0,0,0,-0.1745198044,0,0,0
0,0,0,-0.1748050715,0,0,0
0,0,0,-0.1750905545,0,0,0
0,0,0,-0.1753762531,0,0,0
0,0,0,-0.1756621671,0,0,0
0,0,0,-0.1759482963,0,0,0
0,0,0,-0.1762346406,0,0,0
0,0,0,-0.1765211998,0,0,0
0,0,0,-0.1768079736,0,0,0
0,0,0,-0.1770949619,0,0,0
0,0,0,-0.1773821644,0,0,0
0,0,0,-0.177669581,0,0,0
0,0,0,-0.1779572115,0,0,0
0,0,0,-0.1782450557,0,0,0
0,0,0,-0.1785331134,0,0,0
0,0,0,-0.1788213843,0,0,0
0,0,0,-0.1791098684,0,0,0
0,0,0,-0.1793985653,0,0,0
0,0,0,-0.1796874749,0,0,0
0,0,0,-0.179976597,0,0,0
0,0,0,-0.1802659315,0,0,0
0,0,0,-0.180555478,0,0,0
0,0,0,-0.1808452363,0,0,0
0,0,0,-0.1811352064,0,0,0
0,0,0,-0.181425388,0,0,0
0,0,0,-0.1817157809,0,0,0
0,0,0,-0.1820063848,0,0,0
0,0,0,-0.1822971996,0,0,0
0,0,0,-0.1825882251,0,0,0
0,0,0,-0.1828794611,0,0,0
0,0,0,-0.1831709074,0,0,0
0,0,0,-0.1834625637,0,0,0
0,0,0,-0.1837544299,0,0,0
0,0,0,-0.1840465057,0,0,0
0,0,0,-0.184338791,0,0,0
0,0,0,-0.1846312856,0,0,0
0,0,0,-0.1849239891,0,0,0
0,0,0,-0.1852169015,0,0,0
0,0,0,-0.1855100226,0,0,0
0,0,0,-0.185803352,0,0,0
0,0,0,-0.1860968897,0,0,0
0,0,0,-0.1863906353,0,0,0
0,0,0,-0.1866845888,0,0,0
0,0,0,-0.1869787498,0,0,0
0,0,0,-0.1872731182,0,0,0
0,0,0,-0.1875676938,0,0,0
0,0,0,-0.1878624763,0,0,0
0,0,0,-0.1881574655,0,0,0
0,0,0,-0.1884526613,0,0,0
0,0,0,-0.1887480634,0,0,0
0,0,0,-0.1890436715,0,0,0
0,0,0,-0.1893394856,0,0,0
0,0,0,-0.1896355054,0,0,0
0,0,0,-0.1899317306,0,0,0
0,0,0,-0.190228161,0,0,0
0,0,0,-0.1905247965,0,0,0
0,0,0,-0.1908216368,0,0,0
0,0,0,-0.1911186817,0,0,0
0,0,0,-0.191415931,0,0,0
0,0,0,-0.1917133844,0,0,0
0,0,0,-0.1920110418,0,0,0
0,0,0,-0.1923089029,0,0,0
0,0,0,-0.1926069676,0,0,0
0,0,0,-0.1929052355,0,0,0
0,0,0,-0.1932037066,0,0,0
0,0,0,-0.1935023805,0,0,0
0,0,0,-0.193801257,0,0,0
0,0,0,-0.1941003359,0,0,0
0,0,0,-0.1943996171,0,0,0
0,0,0,-0.1946991002,0,0,0
0,0,0,-0.1949987851,0,0,0
0,0,0,-0.1952986715,0,0,0
0,0,0,-0.1955987592,0,0,0
0,0,0,-0.1958990481,0,0,0
0,0,0,-0.1961995378,0,0,0
0,0,0,-0.1965002281,0,0,0
0,0,0,-0.1968011189,0,0,0
0,0,0,-0.1971022099,0,0,0
0,0,0,-0.1974035008,0,0,0
0,0,0,-0.1977049915,0,0,0
0,0,0,-0.1980066817,0,0,0
0,0,0,-0.1983085712,0,0,0
0,0,0,-0.1986106598,0,0,0
0,0,0,-0.1989129472,0,0,0
0,0,0,-0.1992154333,0,0,0
0,0,0,-0.1995181177,0,0,0
0,0,0,-0.1998210003,0,0,0
0,0,0,-0.2001240808,0,0,0
0,0,0,-0.2004273591,0,0,0
0,0,0,-0.2007308348,0,0,0
0,0,0,-0.2010345078,0,0,0
0,0,0,-0.2013383778,0,0,0
0,0,0,-0.2016424445,0,0,0
0,0,0,-0.2019467079,0,0,0
0,0,0,-0.2022511675,0,0,0
0,0,0,-0.2025558233,0,0,0
0,0,0,-0.2028606749,0,0,0
0,0,0,-0.2031657221,0,0,0
0,0,0,-0.2034709647,0,0,0
0,0,0,-0.2037764025,0,0,0
0,0,0,-0.2040820353,0,0,0
0,0,0,-0.2043878627,0,0,0
0,0,0,-0.2046938846,0,0,0
0,0,0,-0.2050001007,0,0,0
0,0,0,-0.2053065108,0,0,0
0,0,0,-0.2056131146,0,0,0
0,0,0,-0.205919912,0,0,0
0,0,0,-0.2062269026,0,0,0
0,0,0,-0.2065340863,0,0,0
0,0,0,-0.2068414628,0,0,0
0,0,0,-0.2071490319,0,0,0
0,0,0,-0.2074567933,0,0,0
0,0,0,-0.2077647468,0,0,0
0,0,0,-0.2080728922,0,0,0
0,0,0,-0.2083812292,0,0,0
0,0,0,-0.2086897575,0,0,0
0,0,0,-0.208998477,0,0,0
0,0,0,-0.2093073874,0,0,0
0,0,0,-0.2096164884,0,0,0
0,0,0,-0.2099257798,0,0,0
0,0,0,-0.2102352615,0,0,0
0,0,0,-0.210544933,0,0,0
0,0,0,-0.2108547942,0,0,0
0,0,0,-0.2111648449,0,0,0
0,0,0,-0.2114750848,0,0,0
0,0,0,-0.2117855136,0,0,0
0,0,0,-0.2120961311,0,0,0
0,0,0,-0.2124069371,0,0,0
0,0,0,-0.2127179313,0,0,0
0,0,0,-0.2130291135,0,0,0
0,0,0,-0.2133404834,0,0,0
0,0,0,-0.2136520408,0,0,0
0,0,0,-0.2139637855,0,0,0
0,0,0,-0.2142757171,0,0,0
0,0,0,-0.2145878355,0,0,0
0,0,0,-0.2149001404,0,0,0
0,0,0,-0.2152126315,0,0,0
0,0,0,-0.2155253086,0,0,0
0,0,0,-0.2158381714,0,0,0
0,0,0,-0.2161512198,0,0,0
0,0,0,-0.2164644534,0,0,0
0,0,0,-0.216777872,0,0,0
0,0,0,-0.2170914754,0,0,0
0,0,0,-0.2174052632,0,0,0
0,0,0,-0.2177192353,0,0,0
0,0,0,-0.2180333914,0,0,0
0,0,0,-0.2183477312,0,0,0
0,0,0,-0.2186622545,0,0,0
0,0,0,-0.2189769611,0,0,0
0,0,0,-0.2192918506,0,0,0
0,0,0,-0.2196069229,0,0,0
0,0,0,-0.2199221776,0,0,0
0,0,0,-0.2202376146,0,0,0
0,0,0,-0.2205532335,0,0,0
0,0,0,-0.2208690341,0,0,0
0,0,0,-0.2211850162,0,0,0
0,0,0,-0.2215011795,0,0,0
0,0,0,-0.2218175237,0,0,0
0,0,0,-0.2221340486,0,0,0
0,0,0,-0.2224507539,0,0,0
0,0,0,-0.2227676394,0,0,0
0,0,0,-0.2230847048,0,0,0
0,0,0,-0.2234019499,0,0,0
0,0,0,-0.2237193743,0,0,0
0,0,0,-0.2240369779,0,0,0
0,0,0,-0.2243547603,0,0,0
0,0,0,-0.2246727214,0,0,0
0,0,0,-0.2249908608,0,0,0
0,0,0,-0.2253091783,0,0,0
0,0,0,-0.2256276737,0,0,0
0,0,0,-0.2259463466,0,0,0
0,0,0,-0.2262651968,0,0,0
0,0,0,-0.2265842241,0,0,0
0,0,0,-0.2269034281,0,0,0
0,0,0,-0.2272228087,0,0,0
0,0,0,-0.2275423655,0,0,0
0,0,0,-0.2278620983,0,0,0
0,0,0,-0.2281820068,0,0,0
0,0,0,-0.2285020908,0,0,0
0,0,0,-0.22882235,0,0,0
0,0,0,-0.2291427841,0,0,0
0,0,0,-0.2294633929,0,0,0
0,0,0,-0.2297841761,0,0,0
0,0,0,-0.2301051334,0,0,0
0,0,0,-0.2304262646,0,0,0
0,0,0,-0.2307475693,0,0,0
0,0,0,-0.2310690474,0,0,0
0,0,0,-0.2313906986,0,0,0
0,0,0,-0.2317125226,0,0,0
0,0,0,-0.232034519,0,0,0
0,0,0,-0.2323566878,0,0,0
0,0,0,-0.2326790285,0,0,0
0,0,0,-0.2330015409,0,0,0
0,0,0,-0.2333242248,0,0,0
0,0,0,-0.2336470799,0,0,0
0,0,0,-0.2339701058,0,0,0
0,0,0,-0.2342933024,0,0,0
0,0,0,-0.2346166694,0,0,0
0,0,0,-0.2349402064,0,0,0
0,0,0,-0.2352639132,0,0,0
0,0,0,-0.2355877896,0,0,0
0,0,0,-0.2359118353,0,0,0
0,0,0,-0.2362360499,0,0,0
0,0,0,-0.2365604333,0,0,0
0,0,0,-0.2368849851,0,0,0
0,0,0,-0.2372097051,0,0,0
0,0,0,-0.2375345929,0,0,0
0,0,0,-0.2378596484,0,0,0
0,0,0,-0.2381848713,0,0,0
0,0,0,-0.2385102612,0,0,0
0,0,0,-0.2388358178,0,0,0
0,0,0,-0.239161541,0,0,0
0,0,0,-0.2394874305,0,0,0
0,0,0,-0.2398134859,0,0,0
0,0,0,-0.2401397069,0,0,0
0,0,0,-0.2404660934,0,0,0
0,0,0,-0.240792645,0,0,0
0,0,0,-0.2411193614,0,0,0
0,0,0,-0.2414462424,0,0,0
0,0,0,-0.2417732876,0,0,0
0,0,0,-0.2421004969,0,0,0
0,0,0,-0.2424278699,0,0,0
0,0,0,-0.2427554063,0,0,0
0,0,0,-0.2430831058,0,0,0
0,0,0,-0.2434109683,0,0,0
0,0,0,-0.2437389933,0,0,0
0,0,0,-0.2440671807,0,0,0
0,0,0,-0.24439553,0,0,0
0,0,0,-0.2447240412,0,0,0
0,0,0,-0.2450527137,0,0,0
0,0,0,-0.2453815475,0,0,0
0,0,0,-0.2457105421,0,0,0
0,0,0,-0.2460396973,0,0,0
0,0,0,-0.2463690129,0,0,0
0,0,0,-0.2466984885,0,0,0
0,0,0,-0.2470281238,0,0,0
0,0,0,-0.2473579186,0,0,0
0,0,0,-0.2476878726,0,0,0
0,0,0,-0.2480179855,0,0,0
0,0,0,-0.2483482569,0,0,0
0,0,0,-0.2486786867,0,0,0
0,0,0,-0.2490092745,0,0,0
0,0,0,-0.24934002,0,0,0
0,0,0,-0.249670923,0,0,0
0,0,0,-0.2500019831,0,0,0
0,0,0,-0.2503332001,0,0,0
0,0,0,-0.2506645737,0,0,0
0,0,0,-0.2509961036,0,0,0
0,0,0,-0.2513277895,0,0,0
0,0,0,-0.251659631,0,0,0
0,0,0,-0.251991628,0,0,0
0,0,0,-0.2523237801,0,0,0
0,0,0,-0.252656087,0,0,0
0,0,0,-0.2529885485,0,0,0
0,0,0,-0.2533211642,0,0,0
0,0,0,-0.2536539339,0,0,0
0,0,0,-0.2539868572,0,0,0
0,0,0,-0.2543199339,0,0,0
0,0,0,-0.2546531637,0,0,0
0,0,0,-0.2549865462,0,0,0
0,0,0,-0.2553200812,0,0,0
0,0,0,-0.2556537684,0,0,0
0,0,0,-0.2559876075,0,0,0
0,0,0,-0.2563215982,0,0,0
0,0,0,-0.2566557402,0,0,0
0,0,0,-0.2569900332,0,0,0
0,0,0,-0.2573244769,0,0,0
0,0,0,-0.257659071,0,0,0
0,0,0,-0.2579938152,0,0,0
0,0,0,-0.2583287092,0,0,0
0,0,0,-0.2586637527,0,0,0
0,0,0,-0.2589989455,0,0,0
0,0,0,-0.2593342871,0,0,0
0,0,0,-0.2596697774,0,0,0
0,0,0,-0.260005416,0,0,0
0,0,0,-0.2603412026,0,0,0
0,0,0,-0.2606771369,0,0,0
0,0,0,-0.2610132186,0,0,0
0,0,0,-0.2613494475,0,0,0
0,0,0,-0.2616858231,0,0,0
0,0,0,-0.2620223453,0,0,0
0,0,0,-0.2623590136,0,0,0
0,0,0,-0.2626958279,0,0,0
0,0,0,-0.2630327878,0,0,0
0,0,0,-0.263369893,0,0,0
0,0,0,-0.2637071431,0,0,0
0,0,0,-0.264044538,0,0,0
0,0,0,-0.2643820772,0,0,0
0,0,0,-0.2647197606,0,0,0
0,0,0,-0.2650575877,0,0,0
0,0,0,-0.2653955582,0,0,0
0,0,0,-0.265733672,0,0,0
0,0,0,-0.2660719286,0,0,0
0,0,0,-0.2664103277,0,0,0
0,0,0,-0.2667488691,0,0,0
0,0,0,-0.2670875525,0,0,0
0,0,0,-0.2674263775,0,0,0
0,0,0,-0.2677653438,0,0,0
0,0,0,-0.2681044511,0,0,0
0,0,0,-0.2684436991,0,0,0
0,0,0,-0.2687830875,0,0,0
0,0,0,-0.2691226161,0,0,0
0,0,0,-0.2694622844,0,0,0
0,0,0,-0.2698020922,0,0,0
0,0,0,-0.2701420391,0,0,0
0,0,0,-0.2704821249,0,0,0
0,0,0,-0.2708223492,0,0,0
0,0,0,-0.2711627118,0,0,0
0,0,0,-0.2715032123,0,0,0
0,0,0,-0.2718438504,0,0,0
0,0,0,-0.2721846258,0,0,0
0,0,0,-0.2725255382,0,0,0
0,0,0,-0.2728665872,0,0,0
0,0,0,-0.2732077726,0,0,0
0,0,0,-0.2735490941,0,0,0
0,0,0,-0.2738905513,0,0,0
0,0,0,-0.2742321439,0,0,0
0,0,0,-0.2745738716,0,0,0
0,0,0,-0.2749157341,0,0,0
0,0,0,-0.2752577311,0,0,0
0,0,0,-0.2755998622,0,0,0
0,0,0,-0.2759421272,0,0,0
0,0,0,-0.2762845257,0,0,0
0,0,0,-0.2766270575,0,0,0
0,0,0,-0.2769697221,0,0,0
0,0,0,-0.2773125193,0,0,0
0,0,0,-0.2776554487,0,0,0
0,0,0,-0.2779985101,0,0,0
0,0,0,-0.2783417032,0,0,0
0,0,0,-0.2786850275,0,0,0
0,0,0,-0.2790284828,0,0,0
0,0,0,-0.2793720688,0,0,0
0,0,0,-0.2797157852,0,0,0
0,0,0,-0.2800596316,0,0,0
0,0,0,-0.2804036077,0,0,0
0,0,0,-0.2807477132,0,0,0
0,0,0,-0.2810919478,0,0,0
0,0,0,-0.2814363111,0,0,0
0,0,0,-0.2817808028,0,0,0
0,0,0,-0.2821254227,0,0,0
0,0,0,-0.2824701704,0,0,0
0,0,0,-0.2828150455,0,0,0
0,0,0,-0.2831600478,0,0,0
0,0,0,-0.2835051768,0,0,0
0,0,0,-0.2838504324,0,0,0
0,0,0,-0.2841958142,0,0,0
0,0,0,-0.2845413218,0,0,0
0,0,0,-0.284886955,0,0,0
0,0,0,-0.2852327133,0,0,0
0,0,0,-0.2855785966,0,0,0
0,0,0,-0.2859246044,0,0,0
0,0,0,-0.2862707364,0,0,0
0,0,0,-0.2866169923,0,0,0
0,0,0,-0.2869633719,0,0,0
0,0,0,-0.2873098746,0,0,0
0,0,0,-0.2876565003,0,0,0
0,0,0,-0.2880032486,0,0,0
0,0,0,-0.2883501192,0,0,0
0,0,0,-0.2886971117,0,0,0
0,0,0,-0.2890442259,0,0,0
0,0,0,-0.2893914613,0,0,0
0,0,0,-0.2897388177,0,0,0
0,0,0,-0.2900862948,0,0,0
0,0,0,-0.2904338921,0,0,0
0,0,0,-0.2907816094,0,0,0
0,0,0,-0.2911294464,0,0,0
0,0,0,-0.2914774027,0,0,0
0,0,0,-0.291825478,0,0,0
0,0,0,-0.292173672,0,0,0
0,0,0,-0.2925219842,0,0,0
0,0,0,-0.2928704145,0,0,0
0,0,0,-0.2932189625,0,0,0
0,0,0,-0.2935676277,0,0,0
0,0,0,-0.29391641,0,0,0
0,0,0,-0.294265309,0,0,0
0,0,0,-0.2946143243,0,0,0
0,0,0,-0.2949634556,0,0,0
0,0,0,-0.2953127026,0,0,0
0,0,0,-0.2956620649,0,0,0
0,0,0,-0.2960115423,0,0,0
0,0,0,-0.2963611343,0,0,0
0,0,0,-0.2967108407,0,0,0
0,0,0,-0.297060661,0,0,0
0,0,0,-0.2974105951,0,0,0
0,0,0,-0.2977606424,0,0,0
0,0,0,-0.2981108028,0,0,0
0,0,0,-0.2984610759,0,0,0
0,0,0,-0.2988114612,0,0,0
0,0,0,-0.2991619586,0,0,0
0,0,0,-0.2995125676,0,0,0
0,0,0,-0.299863288,0,0,0
0,0,0,-0.3002141193,0,0,0
0,0,0,-0.3005650613,0,0,0
0,0,0,-0.3009161136,0,0,0
0,0,0,-0.3012672759,0,0,0
0,0,0,-0.3016185478,0,0,0
0,0,0,-0.301969929,0,0,0
0,0,0,-0.3023214192,0,0,0
0,0,0,-0.3026730179,0,0,0
0,0,0,-0.303024725,0,0,0
0,0,0,-0.30337654,0,0,0
0,0,0,-0.3037284626,0,0,0
0,0,0,-0.3040804925,0,0,0
0,0,0,-0.3044326292,0,0,0
0,0,0,-0.3047848726,0,0,0
0,0,0,-0.3051372222,0,0,0
0,0,0,-0.3054896777,0,0,0
0,0,0,-0.3058422387,0,0,0
0,0,0,-0.306194905,0,0,0
0,0,0,-0.3065476761,0,0,0
0,0,0,-0.3069005518,0,0,0
0,0,0,-0.3072535317,0,0,0
0,0,0,-0.3076066154,0,0,0
0,0,0,-0.3079598025,0,0,0
0,0,0,-0.3083130929,0,0,0
0,0,0,-0.3086664861,0,0,0
0,0,0,-0.3090199817,0,0,0
0,0,0,-0.3093735795,0,0,0
0,0,0,-0.309727279,0,0,0
0,0,0,-0.31008108,0,0,0
0,0,0,-0.3104349821,0,0,0
0,0,0,-0.3107889849,0,0,0
0,0,0,-0.3111430881,0,0,0
0,0,0,-0.3114972914,0,0,0
0,0,0,-0.3118515944,0,0,0
0,0,0,-0.3122059967,0,0,0
0,0,0,-0.3125604981,0,0,0
0,0,0,-0.3129150981,0,0,0
0,0,0,-0.3132697964,0,0,0
0,0,0,-0.3136245927,0,0,0
0,0,0,-0.3139794867,0,0,0
0,0,0,-0.3143344779,0,0,0
0,0,0,-0.3146895661,0,0,0
0,0,0,-0.3150447508,0,0,0
0,0,0,-0.3154000318,0,0,0
0,0,0,-0.3157554086,0,0,0
0,0,0,-0.316110881,0,0,0
0,0,0,-0.3164664485,0,0,0
0,0,0,-0.3168221109,0,0,0
0,0,0,-0.3171778678,0,0,0
0,0,0,-0.3175337188,0,0,0
0,0,0,-0.3178896636,0,0,0
0,0,0,-0.3182457018,0,0,0
0,0,0,-0.3186018331,0,0,0
0,0,0,-0.3189580571,0,0,0
0,0,0,-0.3193143735,0,0,0
0,0,0,-0.319670782,0,0,0
0,0,0,-0.3200272821,0,0,0
0,0,0,-0.3203838735,0,0,0
0,0,0,-0.3207405559,0,0,0
0,0,0,-0.3210973289,0,0,0
0,0,0,-0.3214541921,0,0,0
0,0,0,-0.3218111453,0,0,0
0,0,0,-0.322168188,0,0,0
0,0,0,-0.3225253199,0,0,0
0,0,0,-0.3228825407,0,0,0
0,0,0,-0.32323985,0,0,0
0,0,0,-0.3235972473,0,0,0
0,0,0,-0.3239547325,0,0,0
0,0,0,-0.3243123051,0,0,0
0,0,0,-0.3246699648,0,0,0
0,0,0,-0.3250277111,0,0,0
0,0,0,-0.3253855439,0,0,0
0,0,0,-0.3257434626,0,0,0
0,0,0,-0.326101467,0,0,0
0,0,0,-0.3264595566,0,0,0
0,0,0,-0.3268177312,0,0,0
0,0,0,-0.3271759904,0,0,0
0,0,0,-0.3275343338,0,0,0
0,0,0,-0.327892761,0,0,0
0,0,0,-0.3282512717,0,0,0
0,0,0,-0.3286098656,0,0,0
0,0,0,-0.3289685422,0,0,0
0,0,0,-0.3293273013,0,0,0
0,0,0,-0.3296861424,0,0,0
0,0,0,-0.3300450653,0,0,0
0,0,0,-0.3304040695,0,0,0
0,0,0,-0.3307631547,0,0,0
0,0,0,-0.3311223204,0,0,0
0,0,0,-0.3314815665,0,0,0
0,0,0,-0.3318408925,0,0,0
0,0,0,-0.332200298,0,0,0
0,0,0,-0.3325597827,0,0,0
0,0,0,-0.3329193462,0,0,0
0,0,0,-0.3332789881,0,0,0
0,0,0,-0.3336387082,0,0,0
0,0,0,-0.333998506,0,0,0
0,0,0,-0.3343583812,0,0,0
0,0,0,-0.3347183334,0,0,0
0,0,0,-0.3350783622,0,0,0
0,0,0,-0.3354384673,0,0,0
0,0,0,-0.3357986484,0,0,0
0,0,0,-0.3361589049,0,0,0
0,0,0,-0.3365192367,0,0,0
0,0,0,-0.3368796434,0,0,0
0,0,0,-0.3372401244,0,0,0
0,0,0,-0.3376006796,0,0,0
0,0,0,-0.3379613086,0,0,0
0,0,0,-0.3383220109,0,0,0
0,0,0,-0.3386827862,0,0,0
0,0,0,-0.3390436341,0,0,0
0,0,0,-0.3394045543,0,0,0
0,0,0,-0.3397655465,0,0,0
0,0,0,-0.3401266101,0,0,0
0,0,0,-0.340487745,0,0,0
0,0,0,-0.3408489507,0,0,0
0,0,0,-0.3412102268,0,0,0
0,0,0,-0.341571573,0,0,0
0,0,0,-0.3419329889,0,0,0
0,0,0,-0.3422944741,0,0,0
0,0,0,-0.3426560284,0,0,0
0,0,0,-0.3430176512,0,0,0
0,0,0,-0.3433793423,0,0,0
0,0,0,-0.3437411012,0,0,0
0,0,0,-0.3441029277,0,0,0
0,0,0,-0.3444648212,0,0,0
0,0,0,-0.3448267816,0,0,0
0,0,0,-0.3451888083,0,0,0
0,0,0,-0.3455509011,0,0,0
0,0,0,-0.3459130595,0,0,0
0,0,0,-0.3462752833,0,0,0
0,0,0,-0.3466375719,0,0,0
0,0,0,-0.3469999251,0,0,0
0,0,0,-0.3473623425,0,0,0
0,0,0,-0.3477248236,0,0,0
0,0,0,-0.3480873682,0,0,0
0,0,0,-0.3484499759,0,0,0
0,0,0,-0.3488126463,0,0,0
0,0,0,-0.3491753789,0,0,0
0,0,0,-0.3495381736,0,0,0
0,0,0,-0.3499010298,0,0,0
0,0,0,-0.3502639472,0,0,0
0,0,0,-0.3506269254,0,0,0
0,0,0,-0.3509899642,0,0,0
0,0,0,-0.351353063,0,0,0
0,0,0,-0.3517162215,0,0,0
0,0,0,-0.3520794393,0,0,0
0,0,0,-0.3524427161,0,0,0
0,0,0,-0.3528060516,0,0,0
0,0,0,-0.3531694452,0,0,0
0,0,0,-0.3535328967,0,0,0
0,0,0,-0.3538964056,0,0,0
0,0,0,-0.3542599717,0,0,0
0,0,0,-0.3546235945,0,0,0
0,0,0,-0.3549872736,0,0,0
0,0,0,-0.3553510087,0,0,0
0,0,0,-0.3557147994,0,0,0
0,0,0,-0.3560786453,0,0,0
0,0,0,-0.356442546,0,0,0
0,0,0,-0.3568065013,0,0,0
0,0,0,-0.3571705106,0,0,0
0,0,0,-0.3575345736,0,0,0
0,0,0,-0.35789869,0,0,0
0,0,0,-0.3582628593,0,0,0
0,0,0,-0.3586270813,0,0,0
0,0,0,-0.3589913554,0,0,0
0,0,0,-0.3593556814,0,0,0
0,0,0,-0.3597200588,0,0,0
0,0,0,-0.3600844873,0,0,0
0,0,0,-0.3604489665,0,0,0
0,0,0,-0.3608134961,0,0,0
0,0,0,-0.3611780755,0,0,0
0,0,0,-0.3615427045,0,0,0
0,0,0,-0.3619073828,0,0,0
0,0,0,-0.3622721098,0,0,0
0,0,0,-0.3626368852,0,0,0
0,0,0,-0.3630017087,0,0,0
0,0,0,-0.3633665799,0,0,0
0,0,0,-0.3637314984,0,0,0
0,0,0,-0.3640964637,0,0,0
0,0,0,-0.3644614756,0,0,0
0,0,0,-0.3648265336,0,0,0
0,0,0,-0.3651916375,0,0,0
0,0,0,-0.3655567867,0,0,0
0,0,0,-0.3659219809,0,0,0
0,0,0,-0.3662872197,0,0,0
0,0,0,-0.3666525027,0,0,0
0,0,0,-0.3670178297,0,0,0
0,0,0,-0.3673832001,0,0,0
0,0,0,-0.3677486136,0,0,0
0,0,0,-0.3681140698,0,0,0
0,0,0,-0.3684795684,0,0,0
0,0,0,-0.3688451089,0,0,0
0,0,0,-0.369210691,0,0,0
0,0,0,-0.3695763143,0,0,0
0,0,0,-0.3699419783,0,0,0
0,0,0,-0.3703076828,0,0,0
0,0,0,-0.3706734274,0,0,0
0,0,0,-0.3710392116,0,0,0
0,0,0,-0.371405035,0,0,0
0,0,0,-0.3717708974,0,0,0
0,0,0,-0.3721367982,0,0,0
0,0,0,-0.3725027372,0,0,0
0,0,0,-0.3728687139,0,0,0
0,0,0,-0.373234728,0,0,0
0,0,0,-0.373600779,0,0,0
0,0,0,-0.3739668666,0,0,0
0,0,0,-0.3743329904,0,0,0
0,0,0,-0.37469915,0,0,0
0,0,0,-0.375065345,0,0,0
0,0,0,-0.3754315751,0,0,0
0,0,0,-0.3757978398,0,0,0
0,0,0,-0.3761641388,0,0,0
0,0,0,-0.3765304717,0,0,0
0,0,0,-0.376896838,0,0,0
0,0,0,-0.3772632375,0,0,0
0,0,0,-0.3776296697,0,0,0
0,0,0,-0.3779961342,0,0,0
0,0,0,-0.3783626307,0,0,0
0,0,0,-0.3787291587,0,0,0
0,0,0,-0.3790957179,0,0,0
0,0,0,-0.3794623079,0,0,0
0,0,0,-0.3798289283,0,0,0
0,0,0,-0.3801955787,0,0,0
0,0,0,-0.3805622588,0,0,0
0,0,0,-0.380928968,0,0,0
0,0,0,-0.3812957061,0,0,0
0,0,0,-0.3816624727,0,0,0
0,0,0,-0.3820292673,0,0,0
0,0,0,-0.3823960897,0,0,0
0,0,0,-0.3827629393,0,0,0
0,0,0,-0.3831298158,0,0,0
0,0,0,-0.3834967188,0,0,0
0,0,0,-0.383863648,0,0,0
0,0,0,-0.3842306028,0,0,0
0,0,0,-0.3845975831,0,0,0
0,0,0,-0.3849645882,0,0,0
0,0,0,-0.385331618,0,0,0
0,0,0,-0.3856986719,0,0,0
0,0,0,-0.3860657496,0,0,0
0,0,0,-0.3864328507,0,0,0
0,0,0,-0.3867999748,0,0,0
0,0,0,-0.3871671215,0,0,0
0,0,0,-0.3875342904,0,0,0
0,0,0,-0.3879014812,0,0,0
0,0,0,-0.3882686934,0,0,0
0,0,0,-0.3886359266,0,0,0
0,0,0,-0.3890031805,0,0,0
0,0,0,-0.3893704547,0,0,0
0,0,0,-0.3897377487,0,0,0
0,0,0,-0.3901050623,0,0,0
0,0,0,-0.3904723949,0,0,0
0,0,0,-0.3908397462,0,0,0
0,0,0,-0.3912071158,0,0,0
0,0,0,-0.3915745033,0,0,0
0,0,0,-0.3919419083,0,0,0
0,0,0,-0.3923093304,0,0,0
0,0,0,-0.3926767693,0,0,0
0,0,0,-0.3930442245,0,0,0
0,0,0,-0.3934116957,0,0,0
0,0,0,-0.3937791824,0,0,0
0,0,0,-0.3941466843,0,0,0
0,0,0,-0.3945142009,0,0,0
0,0,0,-0.3948817319,0,0,0
0,0,0,-0.3952492769,0,0,0
0,0,0,-0.3956168354,0,0,0
0,0,0,-0.3959844072,0,0,0
0,0,0,-0.3963519917,0,0,0
0,0,0,-0.3967195886,0,0,0
0,0,0,-0.3970871975,0,0,0
0,0,0,-0.3974548181,0,0,0
0,0,0,-0.3978224498,0,0,0
0,0,0,-0.3981900924,0,0,0
0,0,0,-0.3985577454,0,0,0
0,0,0,-0.3989254084,0,0,0
0,0,0,-0.3992930811,0,0,0
0,0,0,-0.3996607629,0,0,0
0,0,0,-0.4000284537,0,0,0
0,0,0,-0.4003961528,0,0,0
0,0,0,-0.40076386,0,0,0
0,0,0,-0.4011315749,0,0,0
0,0,0,-0.401499297,0,0,0
0,0,0,-0.401867026,0,0,0
0,0,0,-0.4022347614,0,0,0
0,0,0,-0.4026025029,0,0,0
0,0,0,-0.40297025,0,0,0
0,0,0,-0.4033380025,0,0,0
0,0,0,-0.4037057598,0,0,0
0,0,0,-0.4040735216,0,0,0
0,0,0,-0.4044412874,0,0,0
0,0,0,-0.4048090569,0,0,0
0,0,0,-0.4051768298,0,0,0
0,0,0,-0.4055446055,0,0,0
0,0,0,-0.4059123837,0,0,0
0,0,0,-0.4062801639,0,0,0
0,0,0,-0.4066479459,0,0,0
0,0,0,-0.4070157292,0,0,0
0,0,0,-0.4073835133,0,0,0
0,0,0,-0.407751298,0,0,0
0,0,0,-0.4081190827,0,0,0
0,0,0,-0.4084868671,0,0,0
0,0,0,-0.4088546509,0,0,0
0,0,0,-0.4092224335,0,0,0
0,0,0,-0.4095902147,0,0,0
0,0,0,-0.4099579939,0,0,0
0,0,0,-0.4103257708,0,0,0
0,0,0,-0.4106935451,0,0,0
0,0,0,-0.4110613162,0,0,0
0,0,0,-0.4114290839,0,0,0
0,0,0,-0.4117968476,0,0,0
0,0,0,-0.4121646071,0,0,0
0,0,0,-0.4125323618,0,0,0
0,0,0,-0.4129001115,0,0,0
0,0,0,-0.4132678557,0,0,0
0,0,0,-0.4136355939,0,0,0
0,0,0,-0.4140033259,0,0,0
0,0,0,-0.4143710512,0,0,0
0,0,0,-0.4147387693,0,0,0
0,0,0,-0.41510648,0,0,0
0,0,0,-0.4154741828,0,0,0
0,0,0,-0.4158418772,0,0,0
0,0,0,-0.416209563,0,0,0
0,0,0,-0.4165772396,0,0,0
0,0,0,-0.4169449068,0,0,0
0,0,0,-0.417312564,0,0,0
0,0,0,-0.4176802109,0,0,0
0,0,0,-0.4180478471,0,0,0
0,0,0,-0.4184154722,0,0,0
0,0,0,-0.4187830858,0,0,0
0,0,0,-0.4191506875,0,0,0
0,0,0,-0.4195182768,0,0,0
0,0,0,-0.4198858534,0,0,0
0,0,0,-0.4202534169,0,0,0
0,0,0,-0.4206209669,0,0,0
0,0,0,-0.4209885029,0,0,0
0,0,0,-0.4213560246,0,0,0
0,0,0,-0.4217235316,0,0,0
0,0,0,-0.4220910234,0,0,0
0,0,0,-0.4224584997,0,0,0
0,0,0,-0.4228259601,0,0,0
0,0,0,-0.4231934041,0,0,0
0,0,0,-0.4235608314,0,0,0
0,0,0,-0.4239282415,0,0,0
0,0,0,-0.424295634,0,0,0
0,0,0,-0.4246630086,0,0,0
0,0,0,-0.4250303648,0,0,0
0,0,0,-0.4253977023,0,0,0
0,0,0,-0.4257650205,0,0,0
0,0,0,-0.4261323193,0,0,0
0,0,0,-0.426499598,0,0,0
0,0,0,-0.4268668563,0,0,0
0,0,0,-0.4272340939,0,0,0
0,0,0,-0.4276013103,0,0,0
0,0,0,-0.427968505,0,0,0
0,0,0,-0.4283356778,0,0,0
0,0,0,-0.4287028282,0,0,0
0,0,0,-0.4290699557,0,0,0
0,0,0,-0.4294370601,0,0,0
0,0,0,-0.4298041408,0,0,0
0,0,0,-0.4301711975,0,0,0
0,0,0,-0.4305382298,0,0,0
0,0,0,-0.4309052372,0,0,0
0,0,0,-0.4312722194,0,0,0
0,0,0,-0.431639176,0,0,0
0,0,0,-0.4320061065,0,0,0
0,0,0,-0.4323730106,0,0,0
0,0,0,-0.4327398878,0,0,0
0,0,0,-0.4331067377,0,0,0
0,0,0,-0.43347356,0,0,0
0,0,0,-0.4338403542,0,0,0
0,0,0,-0.4342071199,0,0,0
0,0,0,-0.4345738567,0,0,0
0,0,0,-0.4349405642,0,0,0
0,0,0,-0.4353072421,0,0,0
0,0,0,-0.4356738898,0,0,0
0,0,0,-0.436040507,0,0,0
0,0,0,-0.4364070933,0,0,0
0,0,0,-0.4367736483,0,0,0
0,0,0,-0.4371401715,0,0,0
0,0,0,-0.4375066626,0,0,0
0,0,0,-0.4378731212,0,0,0
0,0,0,-0.4382395468,0,0,0
0,0,0,-0.4386059391,0,0,0
0,0,0,-0.4389722976,0,0,0
0,0,0,-0.4393386219,0,0,0
0,0,0,-0.4397049117,0,0,0
0,0,0,-0.4400711665,0,0,0
0,0,0,-0.4404373858,0,0,0
0,0,0,-0.4408035694,0,0,0
0,0,0,-0.4411697168,0,0,0
0,0,0,-0.4415358276,0,0,0
0,0,0,-0.4419019014,0,0,0
0,0,0,-0.4422679377,0,0,0
0,0,0,-0.4426339362,0,0,0
0,0,0,-0.4429998965,0,0,0
0,0,0,-0.4433658181,0,0,0
0,0,0,-0.4437317006,0,0,0
0,0,0,-0.4440975437,0,0,0
0,0,0,-0.444463347,0,0,0
0,0,0,-0.4448291099,0,0,0
0,0,0,-0.4451948322,0,0,0
0,0,0,-0.4455605134,0,0,0
0,0,0,-0.4459261531,0,0,0
0,0,0,-0.4462917508,0,0,0
0,0,0,-0.4466573063,0,0,0
0,0,0,-0.447022819,0,0,0
0,0,0,-0.4473882886,0,0,0
0,0,0,-0.4477537147,0,0,0
0,0,0,-0.4481190968,0,0,0
0,0,0,-0.4484844346,0,0,0
0,0,0,-0.4488497276,0,0,0
0,0,0,-0.4492149754,0,0,0
0,0,0,-0.4495801776,0,0,0
0,0,0,-0.4499453339,0,0,0
0,0,0,-0.4503104437,0,0,0
0,0,0,-0.4506755068,0,0,0
0,0,0,-0.4510405226,0,0,0
0,0,0,-0.4514054908,0,0,0
0,0,0,-0.451770411,0,0,0
0,0,0,-0.4521352827,0,0,0
0,0,0,-0.4525001056,0,0,0
0,0,0,-0.4528648792,0,0,0
0,0,0,-0.4532296032,0,0,0
0,0,0,-0.4535942771,0,0,0
0,0,0,-0.4539589005,0,0,0
0,0,0,-0.454323473,0,0,0
0,0,0,-0.4546879942,0,0,0
0,0,0,-0.4550524637,0,0,0
0,0,0,-0.455416881,0,0,0
0,0,0,-0.4557812459,0,0,0
0,0,0,-0.4561455578,0,0,0
0,0,0,-0.4565098163,0,0,0
0,0,0,-0.4568740211,0,0,0
0,0,0,-0.4572381717,0,0,0
0,0,0,-0.4576022678,0,0,0
0,0,0,-0.4579663089,0,0,0
0,0,0,-0.4583302945,0,0,0
0,0,0,-0.4586942244,0,0,0
0,0,0,-0.4590580981,0,0,0
0,0,0,-0.4594219151,0,0,0
0,0,0,-0.4597856751,0,0,0
0,0,0,-0.4601493777,0,0,0
0,0,0,-0.4605130224,0,0,0
0,0,0,-0.4608766088,0,0,0
0,0,0,-0.4612401366,0,0,0
0,0,0,-0.4616036053,0,0,0
0,0,0,-0.4619670145,0,0,0
0,0,0,-0.4623303638,0,0,0
0,0,0,-0.4626936528,0,0,0
0,0,0,-0.4630568811,0,0,0
0,0,0,-0.4634200482,0,0,0
0,0,0,-0.4637831538,0,0,0
0,0,0,-0.4641461975,0,0,0
0,0,0,-0.4645091788,0,0,0
0,0,0,-0.4648720973,0,0,0
0,0,0,-0.4652349527,0,0,0
0,0,0,-0.4655977444,0,0,0
0,0,0,-0.4659604722,0,0,0
0,0,0,-0.4663231356,0,0,0
0,0,0,-0.4666857341,0,0,0
0,0,0,-0.4670482674,0,0,0
0,0,0,-0.4674107351,0,0,0
0,0,0,-0.4677731367,0,0,0
0,0,0,-0.4681354719,0,0,0
0,0,0,-0.4684977402,0,0,0
0,0,0,-0.4688599412,0,0,0
0,0,0,-0.4692220746,0,0,0
0,0,0,-0.4695841398,0,0,0
0,0,0,-0.4699461365,0,0,0
0,0,0,-0.4703080644,0,0,0
0,0,0,-0.4706699228,0,0,0
0,0,0,-0.4710317116,0,0,0
0,0,0,-0.4713934302,0,0,0
0,0,0,-0.4717550782,0,0,0
0,0,0,-0.4721166553,0,0,0
0,0,0,-0.4724781609,0,0,0
0,0,0,-0.4728395948,0,0,0
0,0,0,-0.4732009565,0,0,0
0,0,0,-0.4735622456,0,0,0
0,0,0,-0.4739234617,0,0,0
0,0,0,-0.4742846043,0,0,0
0,0,0,-0.4746456731,0,0,0
0,0,0,-0.4750066676,0,0,0
0,0,0,-0.4753675875,0,0,0
0,0,0,-0.4757284323,0,0,0
0,0,0,-0.4760892016,0,0,0
0,0,0,-0.476449895,0,0,0
0,0,0,-0.4768105121,0,0,0
0,0,0,-0.4771710525,0,0,0
0,0,0,-0.4775315158,0,0,0
0,0,0,-0.4778919016,0,0,0
0,0,0,-0.4782522094,0,0,0
0,0,0,-0.4786124388,0,0,0
0,0,0,-0.4789725895,0,0,0
0,0,0,-0.479332661,0,0,0
0,0,0,-0.4796926529,0,0,0
0,0,0,-0.4800525649,0,0,0
0,0,0,-0.4804123964,0,0,0
0,0,0,-0.4807721471,0,0,0
0,0,0,-0.4811318165,0,0,0
0,0,0,-0.4814914044,0,0,0
0,0,0,-0.4818509102,0,0,0
0,0,0,-0.4822103335,0,0,0
0,0,0,-0.482569674,0,0,0
0,0,0,-0.4829289311,0,0,0
0,0,0,-0.4832881046,0,0,0
0,0,0,-0.483647194,0,0,0
0,0,0,-0.4840061989,0,0,0
0,0,0,-0.4843651189,0,0,0
0,0,0,-0.4847239535,0,0,0
0,0,0,-0.4850827024,0,0,0
0,0,0,-0.4854413652,0,0,0
0,0,0,-0.4857999413,0,0,0
0,0,0,-0.4861584306,0,0,0
0,0,0,-0.4865168324,0,0,0
0,0,0,-0.4868751464,0,0,0
0,0,0,-0.4872333723,0,0,0
0,0,0,-0.4875915095,0,0,0
0,0,0,-0.4879495577,0,0,0
0,0,0,-0.4883075165,0,0,0
0,0,0,-0.4886653855,0,0,0
0,0,0,-0.4890231641,0,0,0
0,0,0,-0.4893808522,0,0,0
0,0,0,-0.4897384491,0,0,0
0,0,0,-0.4900959546,0,0,0
0,0,0,-0.4904533682,0,0,0
0,0,0,-0.4908106895,0,0,0
0,0,0,-0.491167918,0,0,0
0,0,0,-0.4915250535,0,0,0
0,0,0,-0.4918820954,0,0,0
0,0,0,-0.4922390434,0,0,0
0,0,0,-0.492595897,0,0,0
0,0,0,-0.4929526559,0,0,0
0,0,0,-0.4933093196,0,0,0
0,0,0,-0.4936658877,0,0,0
0,0,0,-0.4940223599,0,0,0
0,0,0,-0.4943787356,0,0,0
0,0,0,-0.4947350145,0,0,0
0,0,0,-0.4950911962,0,0,0
0,0,0,-0.4954472803,0,0,0
0,0,0,-0.4958032663,0,0,0
0,0,0,-0.4961591539,0,0,0
0,0,0,-0.4965149427,0,0,0
0,0,0,-0.4968706322,0,0,0
0,0,0,-0.497226222,0,0,0
0,0,0,-0.4975817117,0,0,0
0,0,0,-0.4979371009,0,0,0
0,0,0,-0.4982923892,0,0,0
0,0,0,-0.4986475762,0,0,0
0,0,0,-0.4990026615,0,0,0
0,0,0,-0.4993576447,0,0,0
0,0,0,-0.4997125253,0,0,0
0,0,0,-0.5000673029,0,0,0
0,0,0,-0.5004219772,0,0,0
0,0,0,-0.5007765478,0,0,0
0,0,0,-0.5011310141,0,0,0
0,0,0,-0.5014853759,0,0,0
0,0,0,-0.5018396327,0,0,0
0,0,0,-0.5021937841,0,0,0
0,0,0,-0.5025478297,0,0,0
0,0,0,-0.502901769,0,0,0
0,0,0,-0.5032556017,0,0,0
0,0,0,-0.5036093274,0,0,0
0,0,0,-0.5039629456,0,0,0
0,0,0,-0.504316456,0,0,0
0,0,0,-0.5046698581,0,0,0
0,0,0,-0.5050231516,0,0,0
0,0,0,-0.5053763359,0,0,0
0,0,0,-0.5057294108,0,0,0
0,0,0,-0.5060823758,0,0,0
0,0,0,-0.5064352305,0,0,0
0,0,0,-0.5067879744,0,0,0
0,0,0,-0.5071406072,0,0,0
0,0,0,-0.5074931285,0,0,0
0,0,0,-0.5078455379,0,0,0
0,0,0,-0.5081978349,0,0,0
0,0,0,-0.5085500192,0,0,0
0,0,0,-0.5089020903,0,0,0
0,0,0,-0.5092540478,0,0,0
0,0,0,-0.5096058914,0,0,0
0,0,0,-0.5099576205,0,0,0
0,0,0,-0.5103092349,0,0,0
0,0,0,-0.5106607341,0,0,0
0,0,0,-0.5110121176,0,0,0
0,0,0,-0.5113633852,0,0,0
0,0,0,-0.5117145363,0,0,0
0,0,0,-0.5120655706,0,0,0
0,0,0,-0.5124164876,0,0,0
0,0,0,-0.512767287,0,0,0
0,0,0,-0.5131179684,0,0,0
0,0,0,-0.5134685312,0,0,0
0,0,0,-0.5138189753,0,0,0
0,0,0,-0.5141693,0,0,0
0,0,0,-0.5145195051,0,0,0
0,0,0,-0.51486959,0,0,0
0,0,0,-0.5152195545,0,0,0
0,0,0,-0.5155693981,0,0,0
0,0,0,-0.5159191203,0,0,0
0,0,0,-0.5162687209,0,0,0
0,0,0,-0.5166181993,0,0,0
0,0,0,-0.5169675552,0,0,0
0,0,0,-0.5173167882,0,0,0
0,0,0,-0.5176658978,0,0,0
0,0,0,-0.5180148836,0,0,0
0,0,0,-0.5183637454,0,0,0
0,0,0,-0.5187124825,0,0,0
0,0,0,-0.5190610947,0,0,0
0,0,0,-0.5194095815,0,0,0
0,0,0,-0.5197579425,0,0,0
0,0,0,-0.5201061774,0,0,0
0,0,0,-0.5204542856,0,0,0
0,0,0,-0.5208022669,0,0,0
0,0,0,-0.5211501208,0,0,0
0,0,0,-0.5214978468,0,0,0
0,0,0,-0.5218454447,0,0,0
0,0,0,-0.5221929139,0,0,0
0,0,0,-0.5225402541,0,0,0
0,0,0,-0.5228874648,0,0,0
0,0,0,-0.5232345458,0,0,0
0,0,0,-0.5235814965,0,0,0
0,0,0,-0.5239283165,0,0,0
0,0,0,-0.5242750055,0,0,0
0,0,0,-0.5246215631,0,0,0
0,0,0,-0.5249679887,0,0,0
0,0,0,-0.5253142822,0,0,0
0,0,0,-0.5256604429,0,0,0
0,0,0,-0.5260064706,0,0,0
0,0,0,-0.5263523648,0,0,0
0,0,0,-0.5266981251,0,0,0
0,0,0,-0.5270437512,0,0,0
0,0,0,-0.5273892425,0,0,0
0,0,0,-0.5277345988,0,0,0
0,0,0,-0.5280798195,0,0,0
0,0,0,-0.5284249044,0,0,0
0,0,0,-0.5287698529,0,0,0
0,0,0,-0.5291146648,0,0,0
0,0,0,-0.5294593395,0,0,0
0,0,0,-0.5298038767,0,0,0
0,0,0,-0.530148276,0,0,0
0,0,0,-0.5304925369,0,0,0
0,0,0,-0.5308366592,0,0,0
0,0,0,-0.5311806423,0,0,0
0,0,0,-0.5315244859,0,0,0
0,0,0,-0.5318681895,0,0,0
0,0,0,-0.5322117528,0,0,0
0,0,0,-0.5325551754,0,0,0
0,0,0,-0.5328984568,0,0,0
0,0,0,-0.5332415966,0,0,0
0,0,0,-0.5335845946,0,0,0
0,0,0,-0.5339274501,0,0,0
0,0,0,-0.5342701629,0,0,0
0,0,0,-0.5346127326,0,0,0
0,0,0,-0.5349551587,0,0,0
0,0,0,-0.5352974408,0,0,0
0,0,0,-0.5356395786,0,0,0
0,0,0,-0.5359815716,0,0,0
0,0,0,-0.5363234195,0,0,0
0,0,0,-0.5366651217,0,0,0
0,0,0,-0.5370066781,0,0,0
0,0,0,-0.537348088,0,0,0
0,0,0,-0.5376893512,0,0,0
0,0,0,-0.5380304672,0,0,0
0,0,0,-0.5383714356,0,0,0
0,0,0,-0.538712256,0,0,0
0,0,0,-0.5390529281,0,0,0
0,0,0,-0.5393934514,0,0,0
0,0,0,-0.5397338255,0,0,0
0,0,0,-0.5400740501,0,0,0
0,0,0,-0.5404141247,0,0,0
0,0,0,-0.5407540489,0,0,0
0,0,0,-0.5410938223,0,0,0
0,0,0,-0.5414334445,0,0,0
0,0,0,-0.5417729152,0,0,0
0,0,0,-0.5421122339,0,0,0
0,0,0,-0.5424514002,0,0,0
0,0,0,-0.5427904137,0,0,0
0,0,0,-0.5431292741,0,0,0
0,0,0,-0.5434679808,0,0,0
0,0,0,-0.5438065336,0,0,0
0,0,0,-0.5441449321,0,0,0
0,0,0,-0.5444831757,0,0,0
0,0,0,-0.5448212642,0,0,0
0,0,0,-0.5451591971,0,0,0
0,0,0,-0.5454969741,0,0,0
0,0,0,-0.5458345947,0,0,0
0,0,0,-0.5461720585,0,0,0
0,0,0,-0.5465093651,0,0,0
0,0,0,-0.5468465142,0,0,0
0,0,0,-0.5471835054,0,0,0
0,0,0,-0.5475203381,0,0,0
0,0,0,-0.5478570122,0,0,0
0,0,0,-0.548193527,0,0,0
0,0,0,-0.5485298823,0,0,0
0,0,0,-0.5488660777,0,0,0
0,0,0,-0.5492021127,0,0,0
0,0,0,-0.549537987,0,0,0
0,0,0,-0.5498737001,0,0,0
0,0,0,-0.5502092517,0,0,0
0,0,0,-0.5505446414,0,0,0
0,0,0,-0.5508798688,0,0,0
0,0,0,-0.5512149334,0,0,0
0,0,0,-0.5515498349,0,0,0
0,0,0,-0.5518845728,0,0,0
0,0,0,-0.5522191469,0,0,0
0,0,0,-0.5525535566,0,0,0
0,0,0,-0.5528878017,0,0,0
0,0,0,-0.5532218816,0,0,0
0,0,0,-0.5535557961,0,0,0
0,0,0,-0.5538895446,0,0,0
0,0,0,-0.5542231269,0,0,0
0,0,0,-0.5545565425,0,0,0
0,0,0,-0.554889791,0,0,0
0,0,0,-0.555222872,0,0,0
0,0,0,-0.5555557851,0,0,0
0,0,0,-0.55588853,0,0,0
0,0,0,-0.5562211063,0,0,0
0,0,0,-0.5565535135,0,0,0
0,0,0,-0.5568857512,0,0,0
0,0,0,-0.5572178191,0,0,0
0,0,0,-0.5575497168,0,0,0
0,0,0,-0.5578814438,0,0,0
0,0,0,-0.5582129999,0,0,0
0,0,0,-0.5585443845,0,0,0
0,0,0,-0.5588755973,0,0,0
0,0,0,-0.5592066379,0,0,0
0,0,0,-0.5595375059,0,0,0
0,0,0,-0.5598682009,0,0,0
0,0,0,-0.5601987226,0,0,0
0,0,0,-0.5605290704,0,0,0
0,0,0,-0.5608592442,0,0,0
0,0,0,-0.5611892433,0,0,0
0,0,0,-0.5615190675,0,0,0
0,0,0,-0.5618487164,0,0,0
0,0,0,-0.5621781895,0,0,0
0,0,0,-0.5625074865,0,0,0
0,0,0,-0.562836607,0,0,0
0,0,0,-0.5631655506,0,0,0
0,0,0,-0.5634943169,0,0,0
0,0,0,-0.5638229055,0,0,0
0,0,0,-0.5641513161,0,0,0
0,0,0,-0.5644795481,0,0,0
0,0,0,-0.5648076013,0,0,0
0,0,0,-0.5651354753,0,0,0
0,0,0,-0.5654631696,0,0,0
0,0,0,-0.5657906839,0,0,0
0,0,0,-0.5661180177,0,0,0
0,0,0,-0.5664451708,0,0,0
0,0,0,-0.5667721426,0,0,0
0,0,0,-0.5670989329,0,0,0
0,0,0,-0.5674255412,0,0,0
0,0,0,-0.5677519671,0,0,0
0,0,0,-0.5680782102,0,0,0
0,0,0,-0.5684042703,0,0,0
0,0,0,-0.5687301467,0,0,0
0,0,0,-0.5690558393,0,0,0
0,0,0,-0.5693813475,0,0,0
0,0,0,-0.5697066711,0,0,0
0,0,0,-0.5700318095,0,0,0
0,0,0,-0.5703567625,0,0,0
0,0,0,-0.5706815296,0,0,0
0,0,0,-0.5710061105,0,0,0
0,0,0,-0.5713305047,0,0,0
0,0,0,-0.5716547119,0,0,0
0,0,0,-0.5719787317,0,0,0
0,0,0,-0.5723025637,0,0,0
0,0,0,-0.5726262076,0,0,0
0,0,0,-0.5729496628,0,0,0
0,0,0,-0.5732729291,0,0,0
0,0,0,-0.573596006,0,0,0
0,0,0,-0.5739188932,0,0,0
0,0,0,-0.5742415903,0,0,0
0,0,0,-0.5745640969,0,0,0
0,0,0,-0.5748864127,0,0,0
0,0,0,-0.5752085371,0,0,0
0,0,0,-0.5755304699,0,0,0
0,0,0,-0.5758522106,0,0,0
0,0,0,-0.576173759,0,0,0
0,0,0,-0.5764951145,0,0,0
0,0,0,-0.5768162768,0,0,0
0,0,0,-0.5771372455,0,0,0
0,0,0,-0.5774580203,0,0,0
0,0,0,-0.5777786007,0,0,0
0,0,0,-0.5780989864,0,0,0
0,0,0,-0.578419177,0,0,0
0,0,0,-0.5787391721,0,0,0
0,0,0,-0.5790589713,0,0,0
0,0,0,-0.5793785743,0,0,0
0,0,0,-0.5796979806,0,0,0
0,0,0,-0.5800171898,0,0,0
0,0,0,-0.5803362017,0,0,0
0,0,0,-0.5806550158,0,0,0
0,0,0,-0.5809736317,0,0,0
0,0,0,-0.581292049,0,0,0
0,0,0,-0.5816102674,0,0,0
0,0,0,-0.5819282865,0,0,0
0,0,0,-0.5822461059,0,0,0
0,0,0,-0.5825637252,0,0,0
0,0,0,-0.5828811441,0,0,0
0,0,0,-0.5831983621,0,0,0
0,0,0,-0.5835153788,0,0,0
0,0,0,-0.583832194,0,0,0
0,0,0,-0.5841488072,0,0,0
0,0,0,-0.584465218,0,0,0
0,0,0,-0.5847814261,0,0,0
0,0,0,-0.5850974311,0,0,0
0,0,0,-0.5854132326,0,0,0
0,0,0,-0.5857288302,0,0,0
0,0,0,-0.5860442235,0,0,0
0,0,0,-0.5863594122,0,0,0
0,0,0,-0.5866743959,0,0,0
0,0,0,-0.5869891741,0,0,0
0,0,0,-0.5873037467,0,0,0
0,0,0,-0.587618113,0,0,0
0,0,0,-0.5879322728,0,0,0
0,0,0,-0.5882462258,0,0,0
0,0,0,-0.5885599714,0,0,0
0,0,0,-0.5888735094,0,0,0
0,0,0,-0.5891868393,0,0,0
0,0,0,-0.5894999609,0,0,0
0,0,0,-0.5898128736,0,0,0
0,0,0,-0.5901255772,0,0,0
0,0,0,-0.5904380712,0,0,0
0,0,0,-0.5907503554,0,0,0
0,0,0,-0.5910624292,0,0,0
0,0,0,-0.5913742923,0,0,0
0,0,0,-0.5916859444,0,0,0
0,0,0,-0.5919973851,0,0,0
0,0,0,-0.592308614,0,0,0
0,0,0,-0.5926196308,0,0,0
0,0,0,-0.5929304349,0,0,0
0,0,0,-0.5932410262,0,0,0
0,0,0,-0.5935514042,0,0,0
0,0,0,-0.5938615685,0,0,0
0,0,0,-0.5941715188,0,0,0
0,0,0,-0.5944812547,0,0,0
0,0,0,-0.5947907757,0,0,0
0,0,0,-0.5951000816,0,0,0
0,0,0,-0.595409172,0,0,0
0,0,0,-0.5957180465,0,0,0
0,0,0,-0.5960267047,0,0,0
0,0,0,-0.5963351463,0,0,0
0,0,0,-0.5966433709,0,0,0
0,0,0,-0.596951378,0,0,0
0,0,0,-0.5972591674,0,0,0
0,0,0,-0.5975667387,0,0,0
0,0,0,-0.5978740914,0,0,0
0,0,0,-0.5981812253,0,0,0
0,0,0,-0.5984881399,0,0,0
0,0,0,-0.5987948349,0,0,0
0,0,0,-0.59910131,0,0,0
0,0,0,-0.5994075647,0,0,0
0,0,0,-0.5997135986,0,0,0
0,0,0,-0.6000194115,0,0,0
0,0,0,-0.6003250029,0,0,0
0,0,0,-0.6006303724,0,0,0
0,0,0,-0.6009355198,0,0,0
0,0,0,-0.6012404446,0,0,0
0,0,0,-0.6015451464,0,0,0
0,0,0,-0.601849625,0,0,0
0,0,0,-0.6021538798,0,0,0
0,0,0,-0.6024579106,0,0,0
0,0,0,-0.6027617171,0,0,0
0,0,0,-0.6030652987,0,0,0
0,0,0,-0.6033686552,0,0,0
0,0,0,-0.6036717862,0,0,0
0,0,0,-0.6039746913,0,0,0
0,0,0,-0.6042773702,0,0,0
0,0,0,-0.6045798224,0,0,0
0,0,0,-0.6048820477,0,0,0
0,0,0,-0.6051840456,0,0,0
0,0,0,-0.6054858159,0,0,0
0,0,0,-0.605787358,0,0,0
0,0,0,-0.6060886718,0,0,0
0,0,0,-0.6063897567,0,0,0
0,0,0,-0.6066906125,0,0,0
0,0,0,-0.6069912387,0,0,0
0,0,0,-0.607291635,0,0,0
0,0,0,-0.6075918011,0,0,0
0,0,0,-0.6078917366,0,0,0
0,0,0,-0.6081914411,0,0,0
0,0,0,-0.6084909142,0,0,0
0,0,0,-0.6087901557,0,0,0
0,0,0,-0.609089165,0,0,0
0,0,0,-0.6093879419,0,0,0
0,0,0,-0.6096864861,0,0,0
0,0,0,-0.609984797,0,0,0
0,0,0,-0.6102828745,0,0,0
0,0,0,-0.6105807181,0,0,0
0,0,0,-0.6108783274,0,0,0
0,0,0,-0.6111757021,0,0,0
0,0,0,-0.6114728419,0,0,0
0,0,0,-0.6117697464,0,0,0
0,0,0,-0.6120664151,0,0,0
0,0,0,-0.6123628479,0,0,0
0,0,0,-0.6126590442,0,0,0
0,0,0,-0.6129550037,0,0,0
0,0,0,-0.6132507262,0,0,0
0,0,0,-0.6135462112,0,0,0
0,0,0,-0.6138414583,0,0,0
0,0,0,-0.6141364672,0,0,0
0,0,0,-0.6144312376,0,0,0
0,0,0,-0.6147257691,0,0,0
0,0,0,-0.6150200612,0,0,0
0,0,0,-0.6153141138,0,0,0
0,0,0,-0.6156079264,0,0,0
0,0,0,-0.6159014987,0,0,0
0,0,0,-0.6161948302,0,0,0
0,0,0,-0.6164879207,0,0,0
0,0,0,-0.6167807698,0,0,0
0,0,0,-0.6170733771,0,0,0
0,0,0,-0.6173657423,0,0,0
0,0,0,-0.617657865,0,0,0
0,0,0,-0.6179497449,0,0,0
0,0,0,-0.6182413816,0,0,0
0,0,0,-0.6185327748,0,0,0
0,0,0,-0.6188239241,0,0,0
0,0,0,-0.6191148291,0,0,0
0,0,0,-0.6194054895,0,0,0
0,0,0,-0.619695905,0,0,0
0,0,0,-0.6199860752,0,0,0
0,0,0,-0.6202759997,0,0,0
0,0,0,-0.6205656782,0,0,0
0,0,0,-0.6208551103,0,0,0
0,0,0,-0.6211442957,0,0,0
0,0,0,-0.621433234,0,0,0
0,0,0,-0.6217219249,0,0,0
0,0,0,-0.6220103681,0,0,0
0,0,0,-0.6222985631,0,0,0
0,0,0,-0.6225865096,0,0,0
0,0,0,-0.6228742073,0,0,0
0,0,0,-0.6231616559,0,0,0
0,0,0,-0.6234488549,0,0,0
0,0,0,-0.623735804,0,0,0
0,0,0,-0.6240225029,0,0,0
0,0,0,-0.6243089512,0,0,0
0,0,0,-0.6245951486,0,0,0
0,0,0,-0.6248810948,0,0,0
0,0,0,-0.6251667893,0,0,0
0,0,0,-0.6254522318,0,0,0
0,0,0,-0.6257374221,0,0,0
0,0,0,-0.6260223596,0,0,0
0,0,0,-0.6263070442,0,0,0
0,0,0,-0.6265914754,0,0,0
0,0,0,-0.6268756528,0,0,0
0,0,0,-0.6271595763,0,0,0
0,0,0,-0.6274432453,0,0,0
0,0,0,-0.6277266596,0,0,0
0,0,0,-0.6280098188,0,0,0
0,0,0,-0.6282927226,0,0,0
0,0,0,-0.6285753706,0,0,0
0,0,0,-0.6288577624,0,0,0
0,0,0,-0.6291398978,0,0,0
0,0,0,-0.6294217764,0,0,0
0,0,0,-0.6297033978,0,0,0
0,0,0,-0.6299847617,0,0,0
0,0,0,-0.6302658678,0,0,0
0,0,0,-0.6305467157,0,0,0
0,0,0,-0.630827305,0,0,0
0,0,0,-0.6311076355,0,0,0
0,0,0,-0.6313877068,0,0,0
0,0,0,-0.6316675185,0,0,0
0,0,0,-0.6319470703,0,0,0
0,0,0,-0.6322263618,0,0,0
0,0,0,-0.6325053928,0,0,0
0,0,0,-0.6327841629,0,0,0
0,0,0,-0.6330626716,0,0,0
0,0,0,-0.6333409188,0,0,0
0,0,0,-0.6336189041,0,0,0
0,0,0,-0.633896627,0,0,0
0,0,0,-0.6341740874,0,0,0
0,0,0,-0.6344512847,0,0,0
0,0,0,-0.6347282188,0,0,0
0,0,0,-0.6350048892,0,0,0
0,0,0,-0.6352812957,0,0,0
0,0,0,-0.6355574378,0,0,0
0,0,0,-0.6358333153,0,0,0
0,0,0,-0.6361089277,0,0,0
0,0,0,-0.6363842749,0,0,0
0,0,0,-0.6366593564,0,0,0
0,0,0,-0.6369341719,0,0,0
0,0,0,-0.637208721,0,0,0
0,0,0,-0.6374830035,0,0,0
0,0,0,-0.6377570189,0,0,0
0,0,0,-0.6380307671,0,0,0
0,0,0,-0.6383042475,0,0,0
0,0,0,-0.6385774599,0,0,0
0,0,0,-0.638850404,0,0,0
0,0,0,-0.6391230794,0,0,0
0,0,0,-0.6393954857,0,0,0
0,0,0,-0.6396676227,0,0,0
0,0,0,-0.6399394901,0,0,0
0,0,0,-0.6402110874,0,0,0
0,0,0,-0.6404824143,0,0,0
0,0,0,-0.6407534706,0,0,0
0,0,0,-0.6410242558,0,0,0
0,0,0,-0.6412947698,0,0,0
0,0,0,-0.641565012,0,0,0
0,0,0,-0.6418349822,0,0,0
0,0,0,-0.6421046801,0,0,0
0,0,0,-0.6423741053,0,0,0
0,0,0,-0.6426432575,0,0,0
0,0,0,-0.6429121364,0,0,0
0,0,0,-0.6431807416,0,0,0
0,0,0,-0.6434490728,0,0,0
0,0,0,-0.6437171297,0,0,0
0,0,0,-0.6439849119,0,0,0
0,0,0,-0.6442524192,0,0,0
0,0,0,-0.6445196512,0,0,0
0,0,0,-0.6447866075,0,0,0
0,0,0,-0.6450532879,0,0,0
0,0,0,-0.645319692,0,0,0
0,0,0,-0.6455858195,0,0,0
0,0,0,-0.64585167,0,0,0
0,0,0,-0.6461172433,0,0,0
0,0,0,-0.6463825389,0,0,0
0,0,0,-0.6466475567,0,0,0
0,0,0,-0.6469122962,0,0,0
0,0,0,-0.6471767571,0,0,0
0,0,0,-0.6474409392,0,0,0
0,0,0,-0.647704842,0,0,0
0,0,0,-0.6479684652,0,0,0
0,0,0,-0.6482318087,0,0,0
0,0,0,-0.6484948719,0,0,0
0,0,0,-0.6487576546,0,0,0
0,0,0,-0.6490201565,0,0,0
0,0,0,-0.6492823772,0,0,0
0,0,0,-0.6495443164,0,0,0
0,0,0,-0.6498059738,0,0,0
0,0,0,-0.6500673491,0,0,0
0,0,0,-0.650328442,0,0,0
0,0,0,-0.6505892521,0,0,0
0,0,0,-0.6508497791,0,0,0
0,0,0,-0.6511100227,0,0,0
0,0,0,-0.6513699826,0,0,0
0,0,0,-0.6516296584,0,0,0
0,0,0,-0.6518890498,0,0,0
0,0,0,-0.6521481566,0,0,0
0,0,0,-0.6524069784,0,0,0
0,0,0,-0.6526655148,0,0,0
0,0,0,-0.6529237656,0,0,0
0,0,0,-0.6531817305,0,0,0
0,0,0,-0.653439409,0,0,0
0,0,0,-0.653696801,0,0,0
0,0,0,-0.6539539061,0,0,0
0,0,0,-0.6542107239,0,0,0
0,0,0,-0.6544672542,0,0,0
0,0,0,-0.6547234967,0,0,0
0,0,0,-0.6549794509,0,0,0
0,0,0,-0.6552351167,0,0,0
0,0,0,-0.6554904937,0,0,0
0,0,0,-0.6557455815,0,0,0
0,0,0,-0.65600038,0,0,0
0,0,0,-0.6562548886,0,0,0
0,0,0,-0.6565091073,0,0,0
0,0,0,-0.6567630355,0,0,0
0,0,0,-0.6570166731,0,0,0
0,0,0,-0.6572700197,0,0,0
0,0,0,-0.6575230749,0,0,0
0,0,0,-0.6577758386,0,0,0
0,0,0,-0.6580283103,0,0,0
0,0,0,-0.6582804897,0,0,0
0,0,0,-0.6585323766,0,0,0
0,0,0,-0.6587839707,0,0,0
0,0,0,-0.6590352716,0,0,0
0,0,0,-0.6592862789,0,0,0
0,0,0,-0.6595369925,0,0,0
0,0,0,-0.659787412,0,0,0
0,0,0,-0.6600375371,0,0,0
0,0,0,-0.6602873675,0,0,0
0,0,0,-0.6605369028,0,0,0
0,0,0,-0.6607861428,0,0,0
0,0,0,-0.6610350871,0,0,0
0,0,0,-0.6612837355,0,0,0
0,0,0,-0.6615320877,0,0,0
0,0,0,-0.6617801432,0,0,0
0,0,0,-0.6620279019,0,0,0
0,0,0,-0.6622753635,0,0,0
0,0,0,-0.6625225275,0,0,0
0,0,0,-0.6627693938,0,0,0
0,0,0,-0.663015962,0,0,0
0,0,0,-0.6632622317,0,0,0
0,0,0,-0.6635082028,0,0,0
0,0,0,-0.6637538749,0,0,0
0,0,0,-0.6639992477,0,0,0
0,0,0,-0.6642443208,0,0,0
0,0,0,-0.6644890941,0,0,0
0,0,0,-0.6647335671,0,0,0
0,0,0,-0.6649777396,0,0,0
0,0,0,-0.6652216113,0,0,0
0,0,0,-0.6654651819,0,0,0
0,0,0,-0.6657084511,0,0,0
0,0,0,-0.6659514185,0,0,0
0,0,0,-0.666194084,0,0,0
0,0,0,-0.6664364471,0,0,0
0,0,0,-0.6666785075,0,0,0
0,0,0,-0.6669202651,0,0,0
0,0,0,-0.6671617195,0,0,0
0,0,0,-0.6674028703,0,0,0
0,0,0,-0.6676437173,0,0,0
0,0,0,-0.6678842602,0,0,0
0,0,0,-0.6681244987,0,0,0
0,0,0,-0.6683644325,0,0,0
0,0,0,-0.6686040613,0,0,0
0,0,0,-0.6688433848,0,0,0
0,0,0,-0.6690824027,0,0,0
0,0,0,-0.6693211147,0,0,0
0,0,0,-0.6695595206,0,0,0
0,0,0,-0.6697976199,0,0,0
0,0,0,-0.6700354125,0,0,0
0,0,0,-0.670272898,0,0,0
0,0,0,-0.6705100761,0,0,0
0,0,0,-0.6707469466,0,0,0
0,0,0,-0.6709835092,0,0,0
0,0,0,-0.6712197635,0,0,0
0,0,0,-0.6714557092,0,0,0
0,0,0,-0.6716913462,0,0,0
0,0,0,-0.671926674,0,0,0
0,0,0,-0.6721616924,0,0,0
0,0,0,-0.6723964011,0,0,0
0,0,0,-0.6726307998,0,0,0
0,0,0,-0.6728648882,0,0,0
0,0,0,-0.6730986661,0,0,0
0,0,0,-0.6733321331,0,0,0
0,0,0,-0.673565289,0,0,0
0,0,0,-0.6737981334,0,0,0
0,0,0,-0.6740306661,0,0,0
0,0,0,-0.6742628867,0,0,0
0,0,0,-0.6744947951,0,0,0
0,0,0,-0.6747263909,0,0,0
0,0,0,-0.6749576738,0,0,0
0,0,0,-0.6751886436,0,0,0
0,0,0,-0.6754192999,0,0,0
0,0,0,-0.6756496424,0,0,0
0,0,0,-0.675879671,0,0,0
0,0,0,-0.6761093852,0,0,0
0,0,0,-0.6763387849,0,0,0
0,0,0,-0.6765678696,0,0,0
0,0,0,-0.6767966393,0,0,0
0,0,0,-0.6770250934,0,0,0
0,0,0,-0.6772532319,0,0,0
0,0,0,-0.6774810543,0,0,0
0,0,0,-0.6777085605,0,0,0
0,0,0,-0.6779357501,0,0,0
0,0,0,-0.6781626228,0,0,0
0,0,0,-0.6783891784,0,0,0
0,0,0,-0.6786154166,0,0,0
0,0,0,-0.678841337,0,0,0
0,0,0,-0.6790669395,0,0,0
0,0,0,-0.6792922238,0,0,0
0,0,0,-0.6795171895,0,0,0
0,0,0,-0.6797418364,0,0,0
0,0,0,-0.6799661642,0,0,0
0,0,0,-0.6801901726,0,0,0
0,0,0,-0.6804138614,0,0,0
0,0,0,-0.6806372302,0,0,0
0,0,0,-0.6808602789,0,0,0
0,0,0,-0.681083007,0,0,0
0,0,0,-0.6813054144,0,0,0
0,0,0,-0.6815275008,0,0,0
0,0,0,-0.6817492659,0,0,0
0,0,0,-0.6819707093,0,0,0
0,0,0,-0.6821918309,0,0,0
0,0,0,-0.6824126304,0,0,0
0,0,0,-0.6826331075,0,0,0
0,0,0,-0.6828532619,0,0,0
0,0,0,-0.6830730933,0,0,0
0,0,0,-0.6832926015,0,0,0
0,0,0,-0.6835117862,0,0,0
0,0,0,-0.6837306471,0,0,0
0,0,0,-0.683949184,0,0,0
0,0,0,-0.6841673965,0,0,0
0,0,0,-0.6843852845,0,0,0
0,0,0,-0.6846028476,0,0,0
0,0,0,-0.6848200856,0,0,0
0,0,0,-0.6850369981,0,0,0
0,0,0,-0.685253585,0,0,0
0,0,0,-0.685469846,0,0,0
0,0,0,-0.6856857808,0,0,0
0,0,0,-0.6859013891,0,0,0
0,0,0,-0.6861166706,0,0,0
0,0,0,-0.6863316251,0,0,0
0,0,0,-0.6865462524,0,0,0
0,0,0,-0.6867605521,0,0,0
0,0,0,-0.686974524,0,0,0
0,0,0,-0.6871881678,0,0,0
0,0,0,-0.6874014832,0,0,0
0,0,0,-0.6876144701,0,0,0
0,0,0,-0.6878271281,0,0,0
0,0,0,-0.6880394569,0,0,0
0,0,0,-0.6882514564,0,0,0
0,0,0,-0.6884631262,0,0,0
0,0,0,-0.688674466,0,0,0
0,0,0,-0.6888854757,0,0,0
0,0,0,-0.6890961549,0,0,0
0,0,0,-0.6893065033,0,0,0
0,0,0,-0.6895165208,0,0,0
0,0,0,-0.6897262071,0,0,0
0,0,0,-0.6899355619,0,0,0
0,0,0,-0.6901445849,0,0,0
0,0,0,-0.6903532758,0,0,0
0,0,0,-0.6905616345,0,0,0
0,0,0,-0.6907696607,0,0,0
0,0,0,-0.6909773541,0,0,0
0,0,0,-0.6911847143,0,0,0
0,0,0,-0.6913917413,0,0,0
0,0,0,-0.6915984347,0,0,0
0,0,0,-0.6918047943,0,0,0
0,0,0,-0.6920108198,0,0,0
0,0,0,-0.6922165109,0,0,0
0,0,0,-0.6924218675,0,0,0
0,0,0,-0.6926268891,0,0,0
0,0,0,-0.6928315757,0,0,0
0,0,0,-0.6930359269,0,0,0
0,0,0,-0.6932399425,0,0,0
0,0,0,-0.6934436222,0,0,0
0,0,0,-0.6936469658,0,0,0
0,0,0,-0.6938499729,0,0,0
0,0,0,-0.6940526435,0,0,0
0,0,0,-0.6942549772,0,0,0
0,0,0,-0.6944569737,0,0,0
0,0,0,-0.6946586328,0,0,0
0,0,0,-0.6948599543,0,0,0
0,0,0,-0.6950609379,0,0,0
0,0,0,-0.6952615833,0,0,0
0,0,0,-0.6954618904,0,0,0
0,0,0,-0.6956618588,0,0,0
0,0,0,-0.6958614883,0,0,0
0,0,0,-0.6960607786,0,0,0
0,0,0,-0.6962597296,0,0,0
0,0,0,-0.6964583409,0,0,0
0,0,0,-0.6966566124,0,0,0
0,0,0,-0.6968545437,0,0,0
0,0,0,-0.6970521346,0,0,0
0,0,0,-0.6972493849,0,0,0
0,0,0,-0.6974462944,0,0,0
0,0,0,-0.6976428627,0,0,0
0,0,0,-0.6978390896,0,0,0
0,0,0,-0.6980349749,0,0,0
0,0,0,-0.6982305184,0,0,0
0,0,0,-0.6984257198,0,0,0
0,0,0,-0.6986205788,0,0,0
0,0,0,-0.6988150953,0,0,0
0,0,0,-0.6990092689,0,0,0
0,0,0,-0.6992030994,0,0,0
0,0,0,-0.6993965867,0,0,0
0,0,0,-0.6995897304,0,0,0
0,0,0,-0.6997825303,0,0,0
0,0,0,-0.6999749861,0,0,0
0,0,0,-0.7001670977,0,0,0
0,0,0,-0.7003588648,0,0,0
0,0,0,-0.7005502871,0,0,0
0,0,0,-0.7007413644,0,0,0
0,0,0,-0.7009320965,0,0,0
0,0,0,-0.7011224831,0,0,0
0,0,0,-0.701312524,0,0,0
0,0,0,-0.701502219,0,0,0
0,0,0,-0.7016915678,0,0,0
0,0,0,-0.7018805701,0,0,0
0,0,0,-0.7020692259,0,0,0
0,0,0,-0.7022575347,0,0,0
0,0,0,-0.7024454964,0,0,0
0,0,0,-0.7026331107,0,0,0
0,0,0,-0.7028203775,0,0,0
0,0,0,-0.7030072964,0,0,0
0,0,0,-0.7031938672,0,0,0
0,0,0,-0.7033800898,0,0,0
0,0,0,-0.7035659638,0,0,0
0,0,0,-0.7037514891,0,0,0
0,0,0,-0.7039366654,0,0,0
0,0,0,-0.7041214924,0,0,0
0,0,0,-0.70430597,0,0,0
0,0,0,-0.7044900979,0,0,0
0,0,0,-0.7046738759,0,0,0
0,0,0,-0.7048573038,0,0,0
0,0,0,-0.7050403813,0,0,0
0,0,0,-0.7052231082,0,0,0
0,0,0,-0.7054054842,0,0,0
0,0,0,-0.7055875092,0,0,0
0,0,0,-0.7057691829,0,0,0
0,0,0,-0.7059505051,0,0,0
0,0,0,-0.7061314755,0,0,0
0,0,0,-0.706312094,0,0,0
0,0,0,-0.7064923603,0,0,0
0,0,0,-0.7066722742,0,0,0
0,0,0,-0.7068518354,0,0,0
0,0,0,-0.7070310438,0,0,0
0,0,0,-0.707209899,0,0,0
0,0,0,-0.707388401,0,0,0
0,0,0,-0.7075665494,0,0,0
0,0,0,-0.7077443441,0,0,0
0,0,0,-0.7079217847,0,0,0
0,0,0,-0.7080988712,0,0,0
0,0,0,-0.7082756032,0,0,0
0,0,0,-0.7084519806,0,0,0
0,0,0,-0.7086280032,0,0,0
0,0,0,-0.7088036706,0,0,0
0,0,0,-0.7089789827,0,0,0
0,0,0,-0.7091539393,0,0,0
0,0,0,-0.7093285401,0,0,0
0,0,0,-0.709502785,0,0,0
0,0,0,-0.7096766737,0,0,0
0,0,0,-0.709850206,0,0,0
0,0,0,-0.7100233817,0,0,0
0,0,0,-0.7101962005,0,0,0
0,0,0,-0.7103686623,0,0,0
0,0,0,-0.7105407668,0,0,0
0,0,0,-0.7107125138,0,0,0
0,0,0,-0.7108839032,0,0,0
0,0,0,-0.7110549346,0,0,0
0,0,0,-0.7112256079,0,0,0
0,0,0,-0.7113959228,0,0,0
0,0,0,-0.7115658792,0,0,0
0,0,0,-0.7117354769,0,0,0
0,0,0,-0.7119047155,0,0,0
0,0,0,-0.712073595,0,0,0
0,0,0,-0.712242115,0,0,0
0,0,0,-0.7124102755,0,0,0
0,0,0,-0.7125780761,0,0,0
0,0,0,-0.7127455167,0,0,0
0,0,0,-0.712912597,0,0,0
0,0,0,-0.7130793169,0,0,0
0,0,0,-0.7132456761,0,0,0
0,0,0,-0.7134116745,0,0,0
0,0,0,-0.7135773117,0,0,0
0,0,0,-0.7137425877,0,0,0
0,0,0,-0.7139075022,0,0,0
0,0,0,-0.714072055,0,0,0
0,0,0,-0.7142362459,0,0,0
0,0,0,-0.7144000746,0,0,0
0,0,0,-0.7145635411,0,0,0
0,0,0,-0.714726645,0,0,0
0,0,0,-0.7148893862,0,0,0
0,0,0,-0.7150517645,0,0,0
0,0,0,-0.7152137796,0,0,0
0,0,0,-0.7153754314,0,0,0
0,0,0,-0.7155367196,0,0,0
0,0,0,-0.7156976441,0,0,0
0,0,0,-0.7158582047,0,0,0
0,0,0,-0.7160184011,0,0,0
0,0,0,-0.7161782332,0,0,0
0,0,0,-0.7163377007,0,0,0
0,0,0,-0.7164968035,0,0,0
0,0,0,-0.7166555413,0,0,0
0,0,0,-0.716813914,0,0,0
0,0,0,-0.7169719213,0,0,0
0,0,0,-0.7171295631,0,0,0
0,0,0,-0.7172868392,0,0,0
0,0,0,-0.7174437493,0,0,0
0,0,0,-0.7176002933,0,0,0
0,0,0,-0.7177564709,0,0,0
0,0,0,-0.7179122821,0,0,0
0,0,0,-0.7180677265,0,0,0
0,0,0,-0.718222804,0,0,0
0,0,0,-0.7183775143,0,0,0
0,0,0,-0.7185318574,0,0,0
0,0,0,-0.718685833,0,0,0
0,0,0,-0.7188394408,0,0,0
0,0,0,-0.7189926808,0,0,0
0,0,0,-0.7191455528,0,0,0
0,0,0,-0.7192980564,0,0,0
0,0,0,-0.7194501916,0,0,0
0,0,0,-0.7196019581,0,0,0
0,0,0,-0.7197533558,0,0,0
0,0,0,-0.7199043844,0,0,0
0,0,0,-0.7200550439,0,0,0
0,0,0,-0.7202053339,0,0,0
0,0,0,-0.7203552543,0,0,0
0,0,0,-0.7205048049,0,0,0
0,0,0,-0.7206539856,0,0,0
0,0,0,-0.7208027961,0,0,0
0,0,0,-0.7209512362,0,0,0
0,0,0,-0.7210993058,0,0,0
0,0,0,-0.7212470047,0,0,0
0,0,0,-0.7213943327,0,0,0
0,0,0,-0.7215412896,0,0,0
0,0,0,-0.7216878752,0,0,0
0,0,0,-0.7218340893,0,0,0
0,0,0,-0.7219799318,0,0,0
0,0,0,-0.7221254025,0,0,0
0,0,0,-0.7222705012,0,0,0
0,0,0,-0.7224152276,0,0,0
0,0,0,-0.7225595817,0,0,0
0,0,0,-0.7227035633,0,0,0
0,0,0,-0.7228471721,0,0,0
0,0,0,-0.7229904079,0,0,0
0,0,0,-0.7231332707,0,0,0
0,0,0,-0.7232757602,0,0,0
0,0,0,-0.7234178763,0,0,0
0,0,0,-0.7235596187,0,0,0
0,0,0,-0.7237009873,0,0,0
0,0,0,-0.7238419819,0,0,0
0,0,0,-0.7239826024,0,0,0
0,0,0,-0.7241228485,0,0,0
0,0,0,-0.72426272,0,0,0
0,0,0,-0.7244022169,0,0,0
0,0,0,-0.7245413389,0,0,0
0,0,0,-0.7246800859,0,0,0
0,0,0,-0.7248184576,0,0,0
0,0,0,-0.724956454,0,0,0
0,0,0,-0.7250940748,0,0,0
0,0,0,-0.7252313198,0,0,0
0,0,0,-0.7253681889,0,0,0
0,0,0,-0.725504682,0,0,0
0,0,0,-0.7256407988,0,0,0
0,0,0,-0.7257765391,0,0,0
0,0,0,-0.7259119029,0,0,0
0,0,0,-0.7260468899,0,0,0
0,0,0,-0.7261814999,0,0,0
0,0,0,-0.7263157328,0,0,0
0,0,0,-0.7264495885,0,0,0
0,0,0,-0.7265830667,0,0,0
0,0,0,-0.7267161673,0,0,0
0,0,0,-0.7268488902,0,0,0
0,0,0,-0.726981235,0,0,0
0,0,0,-0.7271132018,0,0,0
0,0,0,-0.7272447903,0,0,0
0,0,0,-0.7273760003,0,0,0
0,0,0,-0.7275068317,0,0,0
0,0,0,-0.7276372844,0,0,0
0,0,0,-0.7277673581,0,0,0
0,0,0,-0.7278970527,0,0,0
0,0,0,-0.728026368,0,0,0
0,0,0,-0.728155304,0,0,0
0,0,0,-0.7282838603,0,0,0
0,0,0,-0.7284120368,0,0,0
0,0,0,-0.7285398335,0,0,0
0,0,0,-0.7286672501,0,0,0
0,0,0,-0.7287942864,0,0,0
0,0,0,-0.7289209424,0,0,0
0,0,0,-0.7290472178,0,0,0
0,0,0,-0.7291731125,0,0,0
0,0,0,-0.7292986263,0,0,0
0,0,0,-0.7294237591,0,0,0
0,0,0,-0.7295485107,0,0,0
0,0,0,-0.7296728809,0,0,0
0,0,0,-0.7297968697,0,0,0
0,0,0,-0.7299204768,0,0,0
0,0,0,-0.7300437021,0,0,0
0,0,0,-0.7301665454,0,0,0
0,0,0,-0.7302890066,0,0,0
0,0,0,-0.7304110855,0,0,0
0,0,0,-0.730532782,0,0,0
0,0,0,-0.7306540959,0,0,0
0,0,0,-0.7307750271,0,0,0
0,0,0,-0.7308955753,0,0,0
0,0,0,-0.7310157406,0,0,0
0,0,0,-0.7311355226,0,0,0
0,0,0,-0.7312549213,0,0,0
0,0,0,-0.7313739366,0,0,0
0,0,0,-0.7314925681,0,0,0
0,0,0,-0.7316108159,0,0,0
0,0,0,-0.7317286798,0,0,0
0,0,0,-0.7318461595,0,0,0
0,0,0,-0.7319632551,0,0,0
0,0,0,-0.7320799662,0,0,0
0,0,0,-0.7321962928,0,0,0
0,0,0,-0.7323122347,0,0,0
0,0,0,-0.7324277918,0,0,0
0,0,0,-0.732542964,0,0,0
0,0,0,-0.732657751,0,0,0
0,0,0,-0.7327721528,0,0,0
0,0,0,-0.7328861691,0,0,0
0,0,0,-0.7329998,0,0,0
0,0,0,-0.7331130451,0,0,0
0,0,0,-0.7332259044,0,0,0
0,0,0,-0.7333383777,0,0,0
0,0,0,-0.7334504649,0,0,0
0,0,0,-0.7335621658,0,0,0
0,0,0,-0.7336734804,0,0,0
0,0,0,-0.7337844084,0,0,0
0,0,0,-0.7338949497,0,0,0
0,0,0,-0.7340051043,0,0,0
0,0,0,-0.7341148718,0,0,0
0,0,0,-0.7342242523,0,0,0
0,0,0,-0.7343332455,0,0,0
0,0,0,-0.7344418514,0,0,0
0,0,0,-0.7345500697,0,0,0
0,0,0,-0.7346579005,0,0,0
0,0,0,-0.7347653434,0,0,0
0,0,0,-0.7348723984,0,0,0
0,0,0,-0.7349790654,0,0,0
0,0,0,-0.7350853442,0,0,0
0,0,0,-0.7351912347,0,0,0
0,0,0,-0.7352967367,0,0,0
0,0,0,-0.7354018501,0,0,0
0,0,0,-0.7355065748,0,0,0
0,0,0,-0.7356109107,0,0,0
0,0,0,-0.7357148576,0,0,0
0,0,0,-0.7358184154,0,0,0
0,0,0,-0.7359215839,0,0,0
0,0,0,-0.7360243631,0,0,0
0,0,0,-0.7361267528,0,0,0
0,0,0,-0.7362287528,0,0,0
0,0,0,-0.7363303631,0,0,0
0,0,0,-0.7364315835,0,0,0
0,0,0,-0.7365324139,0,0,0
0,0,0,-0.7366328541,0,0,0
0,0,0,-0.7367329041,0,0,0
0,0,0,-0.7368325637,0,0,0
0,0,0,-0.7369318327,0,0,0
0,0,0,-0.7370307111,0,0,0
0,0,0,-0.7371291988,0,0,0
0,0,0,-0.7372272955,0,0,0
0,0,0,-0.7373250013,0,0,0
0,0,0,-0.7374223158,0,0,0
0,0,0,-0.7375192392,0,0,0
0,0,0,-0.7376157711,0,0,0
0,0,0,-0.7377119115,0,0,0
0,0,0,-0.7378076603,0,0,0
0,0,0,-0.7379030174,0,0,0
0,0,0,-0.7379979826,0,0,0
0,0,0,-0.7380925558,0,0,0
0,0,0,-0.7381867369,0,0,0
0,0,0,-0.7382805257,0,0,0
0,0,0,-0.7383739222,0,0,0
0,0,0,-0.7384669263,0,0,0
0,0,0,-0.7385595377,0,0,0
0,0,0,-0.7386517565,0,0,0
0,0,0,-0.7387435825,0,0,0
0,0,0,-0.7388350155,0,0,0
0,0,0,-0.7389260555,0,0,0
0,0,0,-0.7390167023,0,0,0
0,0,0,-0.7391069558,0,0,0
0,0,0,-0.739196816,0,0,0
0,0,0,-0.7392862826,0,0,0
0,0,0,-0.7393753557,0,0,0
0,0,0,-0.739464035,0,0,0
0,0,0,-0.7395523204,0,0,0
0,0,0,-0.739640212,0,0,0
0,0,0,-0.7397277094,0,0,0
0,0,0,-0.7398148127,0,0,0
0,0,0,-0.7399015217,0,0,0
0,0,0,-0.7399878363,0,0,0
0,0,0,-0.7400737564,0,0,0
0,0,0,-0.7401592819,0,0,0
0,0,0,-0.7402444127,0,0,0
0,0,0,-0.7403291487,0,0,0
0,0,0,-0.7404134897,0,0,0
0,0,0,-0.7404974357,0,0,0
0,0,0,-0.7405809866,0,0,0
0,0,0,-0.7406641422,0,0,0
0,0,0,-0.7407469024,0,0,0
0,0,0,-0.7408292672,0,0,0
0,0,0,-0.7409112364,0,0,0
0,0,0,-0.74099281,0,0,0
0,0,0,-0.7410739878,0,0,0
0,0,0,-0.7411547697,0,0,0
0,0,0,-0.7412351556,0,0,0
0,0,0,-0.7413151455,0,0,0
0,0,0,-0.7413947392,0,0,0
0,0,0,-0.7414739366,0,0,0
0,0,0,-0.7415527377,0,0,0
0,0,0,-0.7416311423,0,0,0
0,0,0,-0.7417091503,0,0,0
0,0,0,-0.7417867616,0,0,0
0,0,0,-0.7418639761,0,0,0
0,0,0,-0.7419407938,0,0,0
0,0,0,-0.7420172145,0,0,0
0,0,0,-0.7420932382,0,0,0
0,0,0,-0.7421688647,0,0,0
0,0,0,-0.7422440939,0,0,0
0,0,0,-0.7423189258,0,0,0
0,0,0,-0.7423933603,0,0,0
0,0,0,-0.7424673972,0,0,0
0,0,0,-0.7425410365,0,0,0
0,0,0,-0.742614278,0,0,0
0,0,0,-0.7426871218,0,0,0
0,0,0,-0.7427595676,0,0,0
0,0,0,-0.7428316155,0,0,0
0,0,0,-0.7429032652,0,0,0
0,0,0,-0.7429745168,0,0,0
0,0,0,-0.7430453701,0,0,0
0,0,0,-0.743115825,0,0,0
0,0,0,-0.7431858815,0,0,0
0,0,0,-0.7432555394,0,0,0
0,0,0,-0.7433247988,0,0,0
0,0,0,-0.7433936594,0,0,0
0,0,0,-0.7434621212,0,0,0
0,0,0,-0.7435301841,0,0,0
0,0,0,-0.7435978481,0,0,0
0,0,0,-0.743665113,0,0,0
0,0,0,-0.7437319787,0,0,0
0,0,0,-0.7437984452,0,0,0
0,0,0,-0.7438645124,0,0,0
0,0,0,-0.7439301802,0,0,0
0,0,0,-0.7439954486,0,0,0
0,0,0,-0.7440603174,0,0,0
0,0,0,-0.7441247865,0,0,0
0,0,0,-0.7441888559,0,0,0
0,0,0,-0.7442525255,0,0,0
0,0,0,-0.7443157952,0,0,0
0,0,0,-0.744378665,0,0,0
0,0,0,-0.7444411347,0,0,0
0,0,0,-0.7445032043,0,0,0
0,0,0,-0.7445648737,0,0,0
0,0,0,-0.7446261428,0,0,0
0,0,0,-0.7446870115,0,0,0
0,0,0,-0.7447474798,0,0,0
0,0,0,-0.7448075476,0,0,0
0,0,0,-0.7448672148,0,0,0
0,0,0,-0.7449264814,0,0,0
0,0,0,-0.7449853472,0,0,0
0,0,0,-0.7450438122,0,0,0
0,0,0,-0.7451018763,0,0,0
0,0,0,-0.7451595395,0,0,0
0,0,0,-0.7452168016,0,0,0
0,0,0,-0.7452736626,0,0,0
0,0,0,-0.7453301225,0,0,0
0,0,0,-0.7453861811,0,0,0
0,0,0,-0.7454418384,0,0,0
0,0,0,-0.7454970943,0,0,0
0,0,0,-0.7455519487,0,0,0
0,0,0,-0.7456064016,0,0,0
0,0,0,-0.745660453,0,0,0
0,0,0,-0.7457141026,0,0,0
0,0,0,-0.7457673505,0,0,0
0,0,0,-0.7458201967,0,0,0
0,0,0,-0.7458726409,0,0,0
0,0,0,-0.7459246832,0,0,0
0,0,0,-0.7459763236,0,0,0
0,0,0,-0.7460275618,0,0,0
0,0,0,-0.7460783979,0,0,0
0,0,0,-0.7461288319,0,0,0
0,0,0,-0.7461788636,0,0,0
0,0,0,-0.7462284929,0,0,0
0,0,0,-0.7462777199,0,0,0
0,0,0,-0.7463265445,0,0,0
0,0,0,-0.7463749665,0,0,0
0,0,0,-0.7464229859,0,0,0
0,0,0,-0.7464706028,0,0,0
0,0,0,-0.7465178169,0,0,0
0,0,0,-0.7465646283,0,0,0
0,0,0,-0.7466110369,0,0,0
0,0,0,-0.7466570426,0,0,0
0,0,0,-0.7467026454,0,0,0
0,0,0,-0.7467478453,0,0,0
0,0,0,-0.746792642,0,0,0
0,0,0,-0.7468370357,0,0,0
0,0,0,-0.7468810263,0,0,0
0,0,0,-0.7469246136,0,0,0
0,0,0,-0.7469677977,0,0,0
0,0,0,-0.7470105784,0,0,0
0,0,0,-0.7470529558,0,0,0
0,0,0,-0.7470949297,0,0,0
0,0,0,-0.7471365002,0,0,0
0,0,0,-0.7471776671,0,0,0
0,0,0,-0.7472184305,0,0,0
0,0,0,-0.7472587902,0,0,0
0,0,0,-0.7472987463,0,0,0
0,0,0,-0.7473382986,0,0,0
0,0,0,-0.7473774471,0,0,0
0,0,0,-0.7474161918,0,0,0
0,0,0,-0.7474545326,0,0,0
0,0,0,-0.7474924695,0,0,0
0,0,0,-0.7475300024,0,0,0
0,0,0,-0.7475671312,0,0,0
0,0,0,-0.747603856,0,0,0
0,0,0,-0.7476401767,0,0,0
0,0,0,-0.7476760932,0,0,0
0,0,0,-0.7477116055,0,0,0
0,0,0,-0.7477467135,0,0,0
0,0,0,-0.7477814172,0,0,0
0,0,0,-0.7478157166,0,0,0
0,0,0,-0.7478496116,0,0,0
0,0,0,-0.7478831022,0,0,0
0,0,0,-0.7479161883,0,0,0
0,0,0,-0.7479488698,0,0,0
0,0,0,-0.7479811468,0,0,0
0,0,0,-0.7480130193,0,0,0
0,0,0,-0.748044487,0,0,0
0,0,0,-0.7480755501,0,0,0
0,0,0,-0.7481062085,0,0,0
0,0,0,-0.7481364621,0,0,0
0,0,0,-0.748166311,0,0,0
0,0,0,-0.748195755,0,0,0
0,0,0,-0.7482247941,0,0,0
0,0,0,-0.7482534283,0,0,0
0,0,0,-0.7482816576,0,0,0
0,0,0,-0.7483094819,0,0,0
0,0,0,-0.7483369012,0,0,0
0,0,0,-0.7483639154,0,0,0
0,0,0,-0.7483905246,0,0,0
0,0,0,-0.7484167286,0,0,0
0,0,0,-0.7484425275,0,0,0
0,0,0,-0.7484679212,0,0,0
0,0,0,-0.7484929097,0,0,0
0,0,0,-0.748517493,0,0,0
0,0,0,-0.748541671,0,0,0
0,0,0,-0.7485654436,0,0,0
0,0,0,-0.748588811,0,0,0
0,0,0,-0.7486117729,0,0,0
0,0,0,-0.7486343295,0,0,0
0,0,0,-0.7486564806,0,0,0
0,0,0,-0.7486782263,0,0,0
0,0,0,-0.7486995665,0,0,0
0,0,0,-0.7487205012,0,0,0
0,0,0,-0.7487410304,0,0,0
0,0,0,-0.748761154,0,0,0
0,0,0,-0.7487808721,0,0,0
0,0,0,-0.7488001845,0,0,0
0,0,0,-0.7488190913,0,0,0
0,0,0,-0.7488375924,0,0,0
0,0,0,-0.7488556878,0,0,0
0,0,0,-0.7488733776,0,0,0
0,0,0,-0.7488906616,0,0,0
0,0,0,-0.7489075398,0,0,0
0,0,0,-0.7489240123,0,0,0
0,0,0,-0.748940079,0,0,0
0,0,0,-0.7489557399,0,0,0
0,0,0,-0.748970995,0,0,0
0,0,0,-0.7489858442,0,0,0
0,0,0,-0.7490002876,0,0,0
0,0,0,-0.749014325,0,0,0
0,0,0,-0.7490279566,0,0,0
0,0,0,-0.7490411822,0,0,0
0,0,0,-0.7490540019,0,0,0
0,0,0,-0.7490664156,0,0,0
0,0,0,-0.7490784234,0,0,0
0,0,0,-0.7490900252,0,0,0
0,0,0,-0.7491012209,0,0,0
0,0,0,-0.7491120107,0,0,0
0,0,0,-0.7491223944,0,0,0
0,0,0,-0.7491323721,0,0,0
0,0,0,-0.7491419438,0,0,0
0,0,0,-0.7491511093,0,0,0
0,0,0,-0.7491598688,0,0,0
0,0,0,-0.7491682222,0,0,0
0,0,0,-0.7491761695,0,0,0
0,0,0,-0.7491837107,0,0,0
0,0,0,-0.7491908458,0,0,0
0,0,0,-0.7491975748,0,0,0
0,0,0,-0.7492038976,0,0,0
0,0,0,-0.7492098142,0,0,0
0,0,0,-0.7492153247,0,0,0
0,0,0,-0.7492204291,0,0,0
0,0,0,-0.7492251273,0,0,0
0,0,0,-0.7492294193,0,0,0
0,0,0,-0.7492333051,0,0,0
0,0,0,-0.7492367848,0,0,0
0,0,0,-0.7492398583,0,0,0
0,0,0,-0.7492425256,0,0,0
0,0,0,-0.7492447866,0,0,0
0,0,0,-0.7492466415,0,0,0
0,0,0,-0.7492480902,0,0,0
0,0,0,-0.7492491327,0,0,0
0,0,0,-0.749249769,0,0,0
0,0,0,-0.7492499991,0,0,0
0,0,0,-0.749249823,0,0,0
0,0,0,-0.7492492407,0,0,0
0,0,0,-0.7492482521,0,0,0
0,0,0,-0.7492468574,0,0,0
0,0,0,-0.7492450565,0,0,0
0,0,0,-0.7492428494,0,0,0
0,0,0,-0.7492402361,0,0,0
0,0,0,-0.7492372166,0,0,0
0,0,0,-0.7492337909,0,0,0
0,0,0,-0.749229959,0,0,0
0,0,0,-0.749225721,0,0,0
0,0,0,-0.7492210767,0,0,0
0,0,0,-0.7492160264,0,0,0
0,0,0,-0.7492105698,0,0,0
0,0,0,-0.7492047071,0,0,0
0,0,0,-0.7491984383,0,0,0
0,0,0,-0.7491917633,0,0,0
0,0,0,-0.7491846822,0,0,0
0,0,0,-0.7491771949,0,0,0
0,0,0,-0.7491693016,0,0,0
0,0,0,-0.7491610021,0,0,0
0,0,0,-0.7491522966,0,0,0
0,0,0,-0.749143185,0,0,0
0,0,0,-0.7491336673,0,0,0
0,0,0,-0.7491237435,0,0,0
0,0,0,-0.7491134138,0,0,0
0,0,0,-0.7491026779,0,0,0
0,0,0,-0.7490915361,0,0,0
0,0,0,-0.7490799883,0,0,0
0,0,0,-0.7490680345,0,0,0
0,0,0,-0.7490556747,0,0,0
0,0,0,-0.7490429089,0,0,0
0,0,0,-0.7490297372,0,0,0
0,0,0,-0.7490161596,0,0,0
0,0,0,-0.7490021761,0,0,0
0,0,0,-0.7489877867,0,0,0
0,0,0,-0.7489729914,0,0,0
0,0,0,-0.7489577902,0,0,0
0,0,0,-0.7489421833,0,0,0
0,0,0,-0.7489261705,0,0,0
0,0,0,-0.7489097519,0,0,0
0,0,0,-0.7488929276,0,0,0
0,0,0,-0.7488756974,0,0,0
0,0,0,-0.7488580616,0,0,0
0,0,0,-0.7488400201,0,0,0
0,0,0,-0.7488215729,0,0,0
0,0,0,-0.74880272,0,0,0
0,0,0,-0.7487834614,0,0,0
0,0,0,-0.7487637973,0,0,0
0,0,0,-0.7487437276,0,0,0
0,0,0,-0.7487232523,0,0,0
0,0,0,-0.7487023715,0,0,0
0,0,0,-0.7486810851,0,0,0
0,0,0,-0.7486593933,0,0,0
0,0,0,-0.748637296,0,0,0
0,0,0,-0.7486147933,0,0,0
0,0,0,-0.7485918852,0,0,0
0,0,0,-0.7485685718,0,0,0
0,0,0,-0.748544853,0,0,0
0,0,0,-0.7485207288,0,0,0
0,0,0,-0.7484961994,0,0,0
0,0,0,-0.7484712648,0,0,0
0,0,0,-0.7484459249,0,0,0
0,0,0,-0.7484201798,0,0,0
0,0,0,-0.7483940296,0,0,0
0,0,0,-0.7483674743,0,0,0
0,0,0,-0.7483405139,0,0,0
0,0,0,-0.7483131484,0,0,0
0,0,0,-0.7482853779,0,0,0
0,0,0,-0.7482572024,0,0,0
0,0,0,-0.748228622,0,0,0
0,0,0,-0.7481996367,0,0,0
0,0,0,-0.7481702465,0,0,0
0,0,0,-0.7481404514,0,0,0
0,0,0,-0.7481102516,0,0,0
0,0,0,-0.748079647,0,0,0
0,0,0,-0.7480486377,0,0,0
0,0,0,-0.7480172237,0,0,0
0,0,0,-0.747985405,0,0,0
0,0,0,-0.7479531817,0,0,0
0,0,0,-0.7479205539,0,0,0
0,0,0,-0.7478875216,0,0,0
0,0,0,-0.7478540848,0,0,0
0,0,0,-0.7478202435,0,0,0
0,0,0,-0.7477859978,0,0,0
0,0,0,-0.7477513478,0,0,0
0,0,0,-0.7477162935,0,0,0
0,0,0,-0.7476808349,0,0,0
0,0,0,-0.7476449722,0,0,0
0,0,0,-0.7476087052,0,0,0
0,0,0,-0.7475720341,0,0,0
0,0,0,-0.7475349589,0,0,0
0,0,0,-0.7474974797,0,0,0
0,0,0,-0.7474595965,0,0,0
0,0,0,-0.7474213094,0,0,0
0,0,0,-0.7473826183,0,0,0
0,0,0,-0.7473435235,0,0,0
0,0,0,-0.7473040248,0,0,0
0,0,0,-0.7472641224,0,0,0
0,0,0,-0.7472238163,0,0,0
0,0,0,-0.7471831066,0,0,0
0,0,0,-0.7471419933,0,0,0
0,0,0,-0.7471004764,0,0,0
0,0,0,-0.7470585561,0,0,0
0,0,0,-0.7470162323,0,0,0
0,0,0,-0.7469735051,0,0,0
0,0,0,-0.7469303746,0,0,0
0,0,0,-0.7468868409,0,0,0
0,0,0,-0.7468429039,0,0,0
0,0,0,-0.7467985638,0,0,0
0,0,0,-0.7467538206,0,0,0
0,0,0,-0.7467086743,0,0,0
0,0,0,-0.746663125,0,0,0
0,0,0,-0.7466171729,0,0,0
0,0,0,-0.7465708178,0,0,0
0,0,0,-0.7465240599,0,0,0
0,0,0,-0.7464768993,0,0,0
0,0,0,-0.7464293359,0,0,0
0,0,0,-0.74638137,0,0,0
0,0,0,-0.7463330014,0,0,0
0,0,0,-0.7462842304,0,0,0
0,0,0,-0.7462350568,0,0,0
0,0,0,-0.7461854809,0,0,0
0,0,0,-0.7461355027,0,0,0
0,0,0,-0.7460851222,0,0,0
0,0,0,-0.7460343395,0,0,0
0,0,0,-0.7459831547,0,0,0
0,0,0,-0.7459315678,0,0,0
0,0,0,-0.7458795789,0,0,0
0,0,0,-0.745827188,0,0,0
0,0,0,-0.7457743953,0,0,0
0,0,0,-0.7457212007,0,0,0
0,0,0,-0.7456676045,0,0,0
0,0,0,-0.7456136065,0,0,0
0,0,0,-0.745559207,0,0,0
0,0,0,-0.7455044059,0,0,0
0,0,0,-0.7454492033,0,0,0
0,0,0,-0.7453935993,0,0,0
0,0,0,-0.7453375941,0,0,0
0,0,0,-0.7452811875,0,0,0
0,0,0,-0.7452243798,0,0,0
0,0,0,-0.7451671709,0,0,0
0,0,0,-0.7451095611,0,0,0
0,0,0,-0.7450515502,0,0,0
0,0,0,-0.7449931385,0,0,0
0,0,0,-0.7449343259,0,0,0
0,0,0,-0.7448751126,0,0,0
0,0,0,-0.7448154986,0,0,0
0,0,0,-0.744755484,0,0,0
0,0,0,-0.7446950689,0,0,0
0,0,0,-0.7446342534,0,0,0
0,0,0,-0.7445730375,0,0,0
0,0,0,-0.7445114213,0,0,0
0,0,0,-0.7444494048,0,0,0
0,0,0,-0.7443869883,0,0,0
0,0,0,-0.7443241717,0,0,0
0,0,0,-0.7442609551,0,0,0
0,0,0,-0.7441973386,0,0,0
0,0,0,-0.7441333223,0,0,0
0,0,0,-0.7440689063,0,0,0
0,0,0,-0.7440040906,0,0,0
0,0,0,-0.7439388754,0,0,0
0,0,0,-0.7438732606,0,0,0
0,0,0,-0.7438072465,0,0,0
0,0,0,-0.743740833,0,0,0
0,0,0,-0.7436740203,0,0,0
0,0,0,-0.7436068085,0,0,0
0,0,0,-0.7435391975,0,0,0
0,0,0,-0.7434711876,0,0,0
0,0,0,-0.7434027788,0,0,0
0,0,0,-0.7433339712,0,0,0
0,0,0,-0.7432647648,0,0,0
0,0,0,-0.7431951598,0,0,0
0,0,0,-0.7431251563,0,0,0
0,0,0,-0.7430547543,0,0,0
0,0,0,-0.7429839539,0,0,0
0,0,0,-0.7429127553,0,0,0
0,0,0,-0.7428411584,0,0,0
0,0,0,-0.7427691635,0,0,0
0,0,0,-0.7426967705,0,0,0
0,0,0,-0.7426239796,0,0,0
0,0,0,-0.7425507909,0,0,0
0,0,0,-0.7424772045,0,0,0
0,0,0,-0.7424032204,0,0,0
0,0,0,-0.7423288387,0,0,0
0,0,0,-0.7422540596,0,0,0
0,0,0,-0.7421788832,0,0,0
0,0,0,-0.7421033095,0,0,0
0,0,0,-0.7420273386,0,0,0
0,0,0,-0.7419509706,0,0,0
0,0,0,-0.7418742057,0,0,0
0,0,0,-0.7417970438,0,0,0
0,0,0,-0.7417194852,0,0,0
0,0,0,-0.7416415299,0,0,0
0,0,0,-0.7415631781,0,0,0
0,0,0,-0.7414844297,0,0,0
0,0,0,-0.7414052849,0,0,0
0,0,0,-0.7413257439,0,0,0
0,0,0,-0.7412458066,0,0,0
0,0,0,-0.7411654733,0,0,0
0,0,0,-0.741084744,0,0,0
0,0,0,-0.7410036188,0,0,0
0,0,0,-0.7409220978,0,0,0
0,0,0,-0.7408401811,0,0,0
0,0,0,-0.7407578689,0,0,0
0,0,0,-0.7406751612,0,0,0
0,0,0,-0.7405920581,0,0,0
0,0,0,-0.7405085598,0,0,0
0,0,0,-0.7404246663,0,0,0
0,0,0,-0.7403403777,0,0,0
0,0,0,-0.7402556942,0,0,0
0,0,0,-0.7401706159,0,0,0
0,0,0,-0.7400851428,0,0,0
0,0,0,-0.7399992751,0,0,0
0,0,0,-0.7399130129,0,0,0
0,0,0,-0.7398263563,0,0,0
0,0,0,-0.7397393054,0,0,0
0,0,0,-0.7396518603,0,0,0
0,0,0,-0.7395640212,0,0,0
0,0,0,-0.739475788,0,0,0
0,0,0,-0.7393871611,0,0,0
0,0,0,-0.7392981403,0,0,0
0,0,0,-0.739208726,0,0,0
0,0,0,-0.7391189181,0,0,0
0,0,0,-0.7390287168,0,0,0
0,0,0,-0.7389381222,0,0,0
0,0,0,-0.7388471345,0,0,0
0,0,0,-0.7387557537,0,0,0
0,0,0,-0.7386639799,0,0,0
0,0,0,-0.7385718134,0,0,0
0,0,0,-0.7384792541,0,0,0
0,0,0,-0.7383863022,0,0,0
0,0,0,-0.7382929578,0,0,0
0,0,0,-0.7381992211,0,0,0
0,0,0,-0.7381050921,0,0,0
0,0,0,-0.738010571,0,0,0
0,0,0,-0.7379156579,0,0,0
0,0,0,-0.7378203529,0,0,0
0,0,0,-0.7377246561,0,0,0
0,0,0,-0.7376285677,0,0,0
0,0,0,-0.7375320878,0,0,0
0,0,0,-0.7374352165,0,0,0
0,0,0,-0.7373379539,0,0,0
0,0,0,-0.7372403001,0,0,0
0,0,0,-0.7371422553,0,0,0
0,0,0,-0.7370438196,0,0,0
0,0,0,-0.7369449931,0,0,0
0,0,0,-0.7368457759,0,0,0
0,0,0,-0.7367461682,0,0,0
0,0,0,-0.7366461701,0,0,0
0,0,0,-0.7365457817,0,0,0
0,0,0,-0.7364450032,0,0,0
0,0,0,-0.7363438346,0,0,0
0,0,0,-0.7362422761,0,0,0
0,0,0,-0.7361403279,0,0,0
0,0,0,-0.7360379899,0,0,0
0,0,0,-0.7359352625,0,0,0
0,0,0,-0.7358321457,0,0,0
0,0,0,-0.7357286396,0,0,0
0,0,0,-0.7356247444,0,0,0
0,0,0,-0.7355204602,0,0,0
0,0,0,-0.7354157872,0,0,0
0,0,0,-0.7353107254,0,0,0
0,0,0,-0.735205275,0,0,0
0,0,0,-0.7350994361,0,0,0
0,0,0,-0.7349932089,0,0,0
0,0,0,-0.7348865935,0,0,0
0,0,0,-0.73477959,0,0,0
0,0,0,-0.7346721986,0,0,0
0,0,0,-0.7345644194,0,0,0
0,0,0,-0.7344562526,0,0,0
0,0,0,-0.7343476982,0,0,0
0,0,0,-0.7342387564,0,0,0
0,0,0,-0.7341294274,0,0,0
0,0,0,-0.7340197112,0,0,0
0,0,0,-0.7339096081,0,0,0
0,0,0,-0.7337991182,0,0,0
0,0,0,-0.7336882415,0,0,0
0,0,0,-0.7335769783,0,0,0
0,0,0,-0.7334653287,0,0,0
0,0,0,-0.7333532928,0,0,0
0,0,0,-0.7332408708,0,0,0
0,0,0,-0.7331280628,0,0,0
0,0,0,-0.7330148689,0,0,0
0,0,0,-0.7329012893,0,0,0
0,0,0,-0.7327873242,0,0,0
0,0,0,-0.7326729736,0,0,0
0,0,0,-0.7325582378,0,0,0
0,0,0,-0.7324431168,0,0,0
0,0,0,-0.7323276108,0,0,0
0,0,0,-0.73221172,0,0,0
0,0,0,-0.7320954445,0,0,0
0,0,0,-0.7319787845,0,0,0
0,0,0,-0.73186174,0,0,0
0,0,0,-0.7317443113,0,0,0
0,0,0,-0.7316264985,0,0,0
0,0,0,-0.7315083017,0,0,0
0,0,0,-0.7313897211,0,0,0
0,0,0,-0.7312707569,0,0,0
0,0,0,-0.7311514091,0,0,0
0,0,0,-0.731031678,0,0,0
0,0,0,-0.7309115636,0,0,0
0,0,0,-0.7307910662,0,0,0
0,0,0,-0.7306701859,0,0,0
0,0,0,-0.7305489229,0,0,0
0,0,0,-0.7304272772,0,0,0
0,0,0,-0.7303052491,0,0,0
0,0,0,-0.7301828387,0,0,0
0,0,0,-0.7300600461,0,0,0
0,0,0,-0.7299368716,0,0,0
0,0,0,-0.7298133152,0,0,0
0,0,0,-0.7296893771,0,0,0
0,0,0,-0.7295650576,0,0,0
0,0,0,-0.7294403566,0,0,0
0,0,0,-0.7293152745,0,0,0
0,0,0,-0.7291898113,0,0,0
0,0,0,-0.7290639672,0,0,0
0,0,0,-0.7289377424,0,0,0
0,0,0,-0.728811137,0,0,0
0,0,0,-0.7286841512,0,0,0
0,0,0,-0.7285567851,0,0,0
0,0,0,-0.7284290389,0,0,0
0,0,0,-0.7283009128,0,0,0
0,0,0,-0.728172407,0,0,0
0,0,0,-0.7280435215,0,0,0
0,0,0,-0.7279142565,0,0,0
0,0,0,-0.7277846123,0,0,0
0,0,0,-0.727654589,0,0,0
0,0,0,-0.7275241866,0,0,0
0,0,0,-0.7273934055,0,0,0
0,0,0,-0.7272622458,0,0,0
0,0,0,-0.7271307076,0,0,0
0,0,0,-0.7269987911,0,0,0
0,0,0,-0.7268664964,0,0,0
0,0,0,-0.7267338238,0,0,0
0,0,0,-0.7266007734,0,0,0
0,0,0,-0.7264673453,0,0,0
0,0,0,-0.7263335398,0,0,0
0,0,0,-0.726199357,0,0,0
0,0,0,-0.7260647971,0,0,0
0,0,0,-0.7259298601,0,0,0
0,0,0,-0.7257945464,0,0,0
0,0,0,-0.7256588561,0,0,0
0,0,0,-0.7255227893,0,0,0
0,0,0,-0.7253863463,0,0,0
0,0,0,-0.7252495271,0,0,0
0,0,0,-0.725112332,0,0,0
0,0,0,-0.7249747611,0,0,0
0,0,0,-0.7248368147,0,0,0
0,0,0,-0.7246984928,0,0,0
0,0,0,-0.7245597957,0,0,0
0,0,0,-0.7244207235,0,0,0
0,0,0,-0.7242812764,0,0,0
0,0,0,-0.7241414546,0,0,0
0,0,0,-0.7240012583,0,0,0
0,0,0,-0.7238606875,0,0,0
0,0,0,-0.7237197426,0,0,0
0,0,0,-0.7235784237,0,0,0
0,0,0,-0.723436731,0,0,0
0,0,0,-0.7232946645,0,0,0
0,0,0,-0.7231522246,0,0,0
0,0,0,-0.7230094114,0,0,0
0,0,0,-0.7228662251,0,0,0
0,0,0,-0.7227226659,0,0,0
0,0,0,-0.7225787338,0,0,0
0,0,0,-0.7224344292,0,0,0
0,0,0,-0.7222897522,0,0,0
0,0,0,-0.722144703,0,0,0
0,0,0,-0.7219992818,0,0,0
0,0,0,-0.7218534887,0,0,0
0,0,0,-0.7217073239,0,0,0
0,0,0,-0.7215607876,0,0,0
0,0,0,-0.7214138801,0,0,0
0,0,0,-0.7212666014,0,0,0
0,0,0,-0.7211189518,0,0,0
0,0,0,-0.7209709314,0,0,0
0,0,0,-0.7208225405,0,0,0
0,0,0,-0.7206737792,0,0,0
0,0,0,-0.7205246477,0,0,0
0,0,0,-0.7203751462,0,0,0
0,0,0,-0.7202252749,0,0,0
0,0,0,-0.720075034,0,0,0
0,0,0,-0.7199244237,0,0,0
0,0,0,-0.7197734441,0,0,0
0,0,0,-0.7196220954,0,0,0
0,0,0,-0.7194703779,0,0,0
0,0,0,-0.7193182916,0,0,0
0,0,0,-0.7191658369,0,0,0
0,0,0,-0.719013014,0,0,0
0,0,0,-0.7188598229,0,0,0
0,0,0,-0.7187062639,0,0,0
0,0,0,-0.7185523371,0,0,0
0,0,0,-0.7183980429,0,0,0
0,0,0,-0.7182433813,0,0,0
0,0,0,-0.7180883526,0,0,0
0,0,0,-0.7179329569,0,0,0
0,0,0,-0.7177771945,0,0,0
0,0,0,-0.7176210655,0,0,0
0,0,0,-0.7174645702,0,0,0
0,0,0,-0.7173077087,0,0,0
0,0,0,-0.7171504813,0,0,0
0,0,0,-0.7169928881,0,0,0
0,0,0,-0.7168349293,0,0,0
0,0,0,-0.7166766051,0,0,0
0,0,0,-0.7165179158,0,0,0
0,0,0,-0.7163588615,0,0,0
0,0,0,-0.7161994425,0,0,0
0,0,0,-0.7160396588,0,0,0
0,0,0,-0.7158795108,0,0,0
0,0,0,-0.7157189986,0,0,0
0,0,0,-0.7155581224,0,0,0
0,0,0,-0.7153968825,0,0,0
0,0,0,-0.715235279,0,0,0
0,0,0,-0.7150733121,0,0,0
0,0,0,-0.7149109821,0,0,0
0,0,0,-0.7147482891,0,0,0
0,0,0,-0.7145852334,0,0,0
0,0,0,-0.7144218151,0,0,0
0,0,0,-0.7142580345,0,0,0
0,0,0,-0.7140938917,0,0,0
0,0,0,-0.713929387,0,0,0
0,0,0,-0.7137645205,0,0,0
0,0,0,-0.7135992926,0,0,0
0,0,0,-0.7134337033,0,0,0
0,0,0,-0.7132677529,0,0,0
0,0,0,-0.7131014416,0,0,0
0,0,0,-0.7129347697,0,0,0
0,0,0,-0.7127677372,0,0,0
0,0,0,-0.7126003445,0,0,0
0,0,0,-0.7124325917,0,0,0
0,0,0,-0.712264479,0,0,0
0,0,0,-0.7120960067,0,0,0
0,0,0,-0.711927175,0,0,0
0,0,0,-0.7117579841,0,0,0
0,0,0,-0.7115884342,0,0,0
0,0,0,-0.7114185254,0,0,0
0,0,0,-0.7112482581,0,0,0
0,0,0,-0.7110776324,0,0,0
0,0,0,-0.7109066485,0,0,0
0,0,0,-0.7107353068,0,0,0
0,0,0,-0.7105636072,0,0,0
0,0,0,-0.7103915502,0,0,0
0,0,0,-0.7102191359,0,0,0
0,0,0,-0.7100463645,0,0,0
0,0,0,-0.7098732362,0,0,0
0,0,0,-0.7096997513,0,0,0
0,0,0,-0.7095259099,0,0,0
0,0,0,-0.7093517124,0,0,0
0,0,0,-0.7091771588,0,0,0
0,0,0,-0.7090022495,0,0,0
0,0,0,-0.7088269846,0,0,0
0,0,0,-0.7086513643,0,0,0
0,0,0,-0.708475389,0,0,0
0,0,0,-0.7082990587,0,0,0
0,0,0,-0.7081223738,0,0,0
0,0,0,-0.7079453344,0,0,0
0,0,0,-0.7077679408,0,0,0
0,0,0,-0.7075901932,0,0,0
0,0,0,-0.7074120917,0,0,0
0,0,0,-0.7072336367,0,0,0
0,0,0,-0.7070548284,0,0,0
0,0,0,-0.7068756669,0,0,0
0,0,0,-0.7066961526,0,0,0
0,0,0,-0.7065162856,0,0,0
0,0,0,-0.7063360661,0,0,0
0,0,0,-0.7061554944,0,0,0
0,0,0,-0.7059745707,0,0,0
0,0,0,-0.7057932952,0,0,0
0,0,0,-0.7056116682,0,0,0
0,0,0,-0.7054296899,0,0,0
0,0,0,-0.7052473605,0,0,0
0,0,0,-0.7050646802,0,0,0
0,0,0,-0.7048816493,0,0,0
0,0,0,-0.7046982679,0,0,0
0,0,0,-0.7045145365,0,0,0
0,0,0,-0.704330455,0,0,0
0,0,0,-0.7041460239,0,0,0
0,0,0,-0.7039612432,0,0,0
0,0,0,-0.7037761133,0,0,0
0,0,0,-0.7035906344,0,0,0
0,0,0,-0.7034048067,0,0,0
0,0,0,-0.7032186305,0,0,0
0,0,0,-0.7030321059,0,0,0
0,0,0,-0.7028452332,0,0,0
0,0,0,-0.7026580127,0,0,0
0,0,0,-0.7024704445,0,0,0
0,0,0,-0.7022825289,0,0,0
0,0,0,-0.7020942662,0,0,0
0,0,0,-0.7019056566,0,0,0
0,0,0,-0.7017167003,0,0,0
0,0,0,-0.7015273975,0,0,0
0,0,0,-0.7013377485,0,0,0
0,0,0,-0.7011477535,0,0,0
0,0,0,-0.7009574128,0,0,0
0,0,0,-0.7007667266,0,0,0
0,0,0,-0.7005756952,0,0,0
0,0,0,-0.7003843187,0,0,0
0,0,0,-0.7001925974,0,0,0
0,0,0,-0.7000005316,0,0,0
0,0,0,-0.6998081215,0,0,0
0,0,0,-0.6996153673,0,0,0
0,0,0,-0.6994222692,0,0,0
0,0,0,-0.6992288276,0,0,0
0,0,0,-0.6990350427,0,0,0
0,0,0,-0.6988409146,0,0,0
0,0,0,-0.6986464437,0,0,0
0,0,0,-0.6984516302,0,0,0
0,0,0,-0.6982564743,0,0,0
0,0,0,-0.6980609763,0,0,0
0,0,0,-0.6978651363,0,0,0
0,0,0,-0.6976689548,0,0,0
0,0,0,-0.6974724318,0,0,0
0,0,0,-0.6972755677,0,0,0
0,0,0,-0.6970783627,0,0,0
0,0,0,-0.696880817,0,0,0
0,0,0,-0.6966829309,0,0,0
0,0,0,-0.6964847046,0,0,0
0,0,0,-0.6962861384,0,0,0
0,0,0,-0.6960872326,0,0,0
0,0,0,-0.6958879873,0,0,0
0,0,0,-0.6956884028,0,0,0
0,0,0,-0.6954884794,0,0,0
0,0,0,-0.6952882174,0,0,0
0,0,0,-0.6950876169,0,0,0
0,0,0,-0.6948866782,0,0,0
0,0,0,-0.6946854016,0,0,0
0,0,0,-0.6944837873,0,0,0
0,0,0,-0.6942818356,0,0,0
0,0,0,-0.6940795467,0,0,0
0,0,0,-0.6938769209,0,0,0
0,0,0,-0.6936739585,0,0,0
0,0,0,-0.6934706596,0,0,0
0,0,0,-0.6932670245,0,0,0
0,0,0,-0.6930630536,0,0,0
0,0,0,-0.6928587469,0,0,0
0,0,0,-0.6926541049,0,0,0
0,0,0,-0.6924491277,0,0,0
0,0,0,-0.6922438157,0,0,0
0,0,0,-0.692038169,0,0,0
0,0,0,-0.6918321879,0,0,0
0,0,0,-0.6916258727,0,0,0
0,0,0,-0.6914192237,0,0,0
0,0,0,-0.691212241,0,0,0
0,0,0,-0.691004925,0,0,0
0,0,0,-0.6907972758,0,0,0
0,0,0,-0.6905892939,0,0,0
0,0,0,-0.6903809794,0,0,0
0,0,0,-0.6901723325,0,0,0
0,0,0,-0.6899633536,0,0,0
0,0,0,-0.6897540429,0,0,0
0,0,0,-0.6895444007,0,0,0
0,0,0,-0.6893344272,0,0,0
0,0,0,-0.6891241227,0,0,0
0,0,0,-0.6889134874,0,0,0
0,0,0,-0.6887025216,0,0,0
0,0,0,-0.6884912256,0,0,0
0,0,0,-0.6882795997,0,0,0
0,0,0,-0.688067644,0,0,0
0,0,0,-0.6878553589,0,0,0
0,0,0,-0.6876427447,0,0,0
0,0,0,-0.6874298015,0,0,0
0,0,0,-0.6872165297,0,0,0
0,0,0,-0.6870029295,0,0,0
0,0,0,-0.6867890011,0,0,0
0,0,0,-0.686574745,0,0,0
0,0,0,-0.6863601612,0,0,0
0,0,0,-0.6861452502,0,0,0
0,0,0,-0.6859300121,0,0,0
0,0,0,-0.6857144472,0,0,0
0,0,0,-0.6854985558,0,0,0
0,0,0,-0.6852823382,0,0,0
0,0,0,-0.6850657946,0,0,0
0,0,0,-0.6848489252,0,0,0
0,0,0,-0.6846317305,0,0,0
0,0,0,-0.6844142106,0,0,0
0,0,0,-0.6841963657,0,0,0
0,0,0,-0.6839781963,0,0,0
0,0,0,-0.6837597025,0,0,0
0,0,0,-0.6835408846,0,0,0
0,0,0,-0.6833217429,0,0,0
0,0,0,-0.6831022777,0,0,0
0,0,0,-0.6828824892,0,0,0
0,0,0,-0.6826623777,0,0,0
0,0,0,-0.6824419435,0,0,0
0,0,0,-0.6822211869,0,0,0
0,0,0,-0.682000108,0,0,0
0,0,0,-0.6817787073,0,0,0
0,0,0,-0.681556985,0,0,0
0,0,0,-0.6813349413,0,0,0
0,0,0,-0.6811125765,0,0,0
0,0,0,-0.680889891,0,0,0
0,0,0,-0.6806668849,0,0,0
0,0,0,-0.6804435586,0,0,0
0,0,0,-0.6802199123,0,0,0
0,0,0,-0.6799959463,0,0,0
0,0,0,-0.6797716609,0,0,0
0,0,0,-0.6795470564,0,0,0
0,0,0,-0.6793221331,0,0,0
0,0,0,-0.6790968911,0,0,0
0,0,0,-0.6788713309,0,0,0
0,0,0,-0.6786454527,0,0,0
0,0,0,-0.6784192567,0,0,0
0,0,0,-0.6781927432,0,0,0
0,0,0,-0.6779659126,0,0,0
0,0,0,-0.6777387651,0,0,0
0,0,0,-0.677511301,0,0,0
0,0,0,-0.6772835206,0,0,0
0,0,0,-0.6770554241,0,0,0
0,0,0,-0.6768270119,0,0,0
0,0,0,-0.6765982842,0,0,0
0,0,0,-0.6763692412,0,0,0
0,0,0,-0.6761398834,0,0,0
0,0,0,-0.6759102109,0,0,0
0,0,0,-0.6756802241,0,0,0
0,0,0,-0.6754499233,0,0,0
0,0,0,-0.6752193087,0,0,0
0,0,0,-0.6749883805,0,0,0
0,0,0,-0.6747571392,0,0,0
0,0,0,-0.674525585,0,0,0
0,0,0,-0.6742937181,0,0,0
0,0,0,-0.6740615389,0,0,0
0,0,0,-0.6738290477,0,0,0
0,0,0,-0.6735962447,0,0,0
0,0,0,-0.6733631302,0,0,0
0,0,0,-0.6731297045,0,0,0
0,0,0,-0.6728959679,0,0,0
0,0,0,-0.6726619207,0,0,0
0,0,0,-0.6724275632,0,0,0
0,0,0,-0.6721928957,0,0,0
0,0,0,-0.6719579184,0,0,0
0,0,0,-0.6717226317,0,0,0
0,0,0,-0.6714870358,0,0,0
0,0,0,-0.6712511311,0,0,0
0,0,0,-0.6710149178,0,0,0
0,0,0,-0.6707783962,0,0,0
0,0,0,-0.6705415666,0,0,0
0,0,0,-0.6703044293,0,0,0
0,0,0,-0.6700669846,0,0,0
0,0,0,-0.6698292328,0,0,0
0,0,0,-0.6695911742,0,0,0
0,0,0,-0.6693528091,0,0,0
0,0,0,-0.6691141377,0,0,0
0,0,0,-0.6688751605,0,0,0
0,0,0,-0.6686358776,0,0,0
0,0,0,-0.6683962893,0,0,0
0,0,0,-0.668156396,0,0,0
0,0,0,-0.667916198,0,0,0
0,0,0,-0.6676756955,0,0,0
0,0,0,-0.6674348889,0,0,0
0,0,0,-0.6671937784,0,0,0
0,0,0,-0.6669523643,0,0,0
0,0,0,-0.666710647,0,0,0
0,0,0,-0.6664686268,0,0,0
0,0,0,-0.6662263039,0,0,0
0,0,0,-0.6659836786,0,0,0
0,0,0,-0.6657407513,0,0,0
0,0,0,-0.6654975222,0,0,0
0,0,0,-0.6652539916,0,0,0
0,0,0,-0.6650101599,0,0,0
0,0,0,-0.6647660273,0,0,0
0,0,0,-0.6645215942,0,0,0
0,0,0,-0.6642768608,0,0,0
0,0,0,-0.6640318275,0,0,0
0,0,0,-0.6637864945,0,0,0
0,0,0,-0.6635408622,0,0,0
0,0,0,-0.6632949308,0,0,0
0,0,0,-0.6630487007,0,0,0
0,0,0,-0.6628021722,0,0,0
0,0,0,-0.6625553455,0,0,0
0,0,0,-0.662308221,0,0,0
0,0,0,-0.662060799,0,0,0
0,0,0,-0.6618130797,0,0,0
0,0,0,-0.6615650636,0,0,0
0,0,0,-0.6613167508,0,0,0
0,0,0,-0.6610681418,0,0,0
0,0,0,-0.6608192368,0,0,0
0,0,0,-0.660570036,0,0,0
0,0,0,-0.6603205399,0,0,0
0,0,0,-0.6600707487,0,0,0
0,0,0,-0.6598206628,0,0,0
0,0,0,-0.6595702824,0,0,0
0,0,0,-0.6593196079,0,0,0
0,0,0,-0.6590686395,0,0,0
0,0,0,-0.6588173776,0,0,0
0,0,0,-0.6585658225,0,0,0
0,0,0,-0.6583139745,0,0,0
0,0,0,-0.6580618339,0,0,0
0,0,0,-0.657809401,0,0,0
0,0,0,-0.6575566761,0,0,0
0,0,0,-0.6573036596,0,0,0
0,0,0,-0.6570503517,0,0,0
0,0,0,-0.6567967528,0,0,0
0,0,0,-0.6565428631,0,0,0
0,0,0,-0.6562886831,0,0,0
0,0,0,-0.6560342129,0,0,0
0,0,0,-0.655779453,0,0,0
0,0,0,-0.6555244036,0,0,0
0,0,0,-0.655269065,0,0,0
0,0,0,-0.6550134376,0,0,0
0,0,0,-0.6547575216,0,0,0
0,0,0,-0.6545013174,0,0,0
0,0,0,-0.6542448254,0,0,0
0,0,0,-0.6539880457,0,0,0
0,0,0,-0.6537309788,0,0,0
0,0,0,-0.6534736249,0,0,0
0,0,0,-0.6532159844,0,0,0
0,0,0,-0.6529580576,0,0,0
0,0,0,-0.6526998448,0,0,0
0,0,0,-0.6524413462,0,0,0
0,0,0,-0.6521825624,0,0,0
0,0,0,-0.6519234934,0,0,0
0,0,0,-0.6516641398,0,0,0
0,0,0,-0.6514045017,0,0,0
0,0,0,-0.6511445796,0,0,0
0,0,0,-0.6508843737,0,0,0
0,0,0,-0.6506238843,0,0,0
0,0,0,-0.6503631118,0,0,0
0,0,0,-0.6501020565,0,0,0
0,0,0,-0.6498407187,0,0,0
0,0,0,-0.6495790988,0,0,0
0,0,0,-0.6493171969,0,0,0
0,0,0,-0.6490550136,0,0,0
0,0,0,-0.6487925491,0,0,0
0,0,0,-0.6485298037,0,0,0
0,0,0,-0.6482667777,0,0,0
0,0,0,-0.6480034715,0,0,0
0,0,0,-0.6477398854,0,0,0
0,0,0,-0.6474760197,0,0,0
0,0,0,-0.6472118747,0,0,0
0,0,0,-0.6469474508,0,0,0
0,0,0,-0.6466827483,0,0,0
0,0,0,-0.6464177675,0,0,0
0,0,0,-0.6461525088,0,0,0
0,0,0,-0.6458869724,0,0,0
0,0,0,-0.6456211587,0,0,0
0,0,0,-0.645355068,0,0,0
0,0,0,-0.6450887006,0,0,0
0,0,0,-0.6448220569,0,0,0
0,0,0,-0.6445551372,0,0,0
0,0,0,-0.6442879419,0,0,0
0,0,0,-0.6440204712,0,0,0
0,0,0,-0.6437527254,0,0,0
0,0,0,-0.643484705,0,0,0
0,0,0,-0.6432164102,0,0,0
0,0,0,-0.6429478414,0,0,0
0,0,0,-0.6426789989,0,0,0
0,0,0,-0.642409883,0,0,0
0,0,0,-0.642140494,0,0,0
0,0,0,-0.6418708323,0,0,0
0,0,0,-0.6416008983,0,0,0
0,0,0,-0.6413306922,0,0,0
0,0,0,-0.6410602143,0,0,0
0,0,0,-0.6407894651,0,0,0
0,0,0,-0.6405184448,0,0,0
0,0,0,-0.6402471538,0,0,0
0,0,0,-0.6399755924,0,0,0
0,0,0,-0.639703761,0,0,0
0,0,0,-0.6394316598,0,0,0
0,0,0,-0.6391592892,0,0,0
0,0,0,-0.6388866495,0,0,0
0,0,0,-0.6386137411,0,0,0
0,0,0,-0.6383405643,0,0,0
0,0,0,-0.6380671195,0,0,0
0,0,0,-0.6377934069,0,0,0
0,0,0,-0.637519427,0,0,0
0,0,0,-0.63724518,0,0,0
0,0,0,-0.6369706662,0,0,0
0,0,0,-0.6366958861,0,0,0
0,0,0,-0.63642084,0,0,0
0,0,0,-0.6361455281,0,0,0
0,0,0,-0.6358699508,0,0,0
0,0,0,-0.6355941086,0,0,0
0,0,0,-0.6353180016,0,0,0
0,0,0,-0.6350416302,0,0,0
0,0,0,-0.6347649949,0,0,0
0,0,0,-0.6344880958,0,0,0
0,0,0,-0.6342109334,0,0,0
0,0,0,-0.633933508,0,0,0
0,0,0,-0.6336558199,0,0,0
0,0,0,-0.6333778695,0,0,0
0,0,0,-0.6330996571,0,0,0
0,0,0,-0.632821183,0,0,0
0,0,0,-0.6325424477,0,0,0
0,0,0,-0.6322634514,0,0,0
0,0,0,-0.6319841944,0,0,0
0,0,0,-0.6317046772,0,0,0
0,0,0,-0.6314249,0,0,0
0,0,0,-0.6311448632,0,0,0
0,0,0,-0.6308645671,0,0,0
0,0,0,-0.6305840121,0,0,0
0,0,0,-0.6303031986,0,0,0
0,0,0,-0.6300221268,0,0,0
0,0,0,-0.6297407971,0,0,0
0,0,0,-0.6294592099,0,0,0
0,0,0,-0.6291773655,0,0,0
0,0,0,-0.6288952642,0,0,0
0,0,0,-0.6286129064,0,0,0
0,0,0,-0.6283302924,0,0,0
0,0,0,-0.6280474226,0,0,0
0,0,0,-0.6277642973,0,0,0
0,0,0,-0.6274809169,0,0,0
0,0,0,-0.6271972817,0,0,0
0,0,0,-0.6269133921,0,0,0
0,0,0,-0.6266292483,0,0,0
0,0,0,-0.6263448508,0,0,0
0,0,0,-0.6260601999,0,0,0
0,0,0,-0.6257752959,0,0,0
0,0,0,-0.6254901393,0,0,0
0,0,0,-0.6252047302,0,0,0
0,0,0,-0.6249190692,0,0,0
0,0,0,-0.6246331564,0,0,0
0,0,0,-0.6243469924,0,0,0
0,0,0,-0.6240605774,0,0,0
0,0,0,-0.6237739118,0,0,0
0,0,0,-0.6234869959,0,0,0
0,0,0,-0.62319983,0,0,0
0,0,0,-0.6229124146,0,0,0
0,0,0,-0.62262475,0,0,0
0,0,0,-0.6223368365,0,0,0
0,0,0,-0.6220486745,0,0,0
0,0,0,-0.6217602643,0,0,0
0,0,0,-0.6214716063,0,0,0
0,0,0,-0.6211827008,0,0,0
0,0,0,-0.6208935482,0,0,0
0,0,0,-0.6206041489,0,0,0
0,0,0,-0.6203145031,0,0,0
0,0,0,-0.6200246113,0,0,0
0,0,0,-0.6197344737,0,0,0
0,0,0,-0.6194440908,0,0,0
0,0,0,-0.6191534629,0,0,0
0,0,0,-0.6188625904,0,0,0
0,0,0,-0.6185714735,0,0,0
0,0,0,-0.6182801127,0,0,0
0,0,0,-0.6179885084,0,0,0
0,0,0,-0.6176966608,0,0,0
0,0,0,-0.6174045703,0,0,0
0,0,0,-0.6171122373,0,0,0
0,0,0,-0.6168196621,0,0,0
0,0,0,-0.6165268451,0,0,0
0,0,0,-0.6162337867,0,0,0
0,0,0,-0.6159404871,0,0,0
0,0,0,-0.6156469469,0,0,0
0,0,0,-0.6153531662,0,0,0
0,0,0,-0.6150591455,0,0,0
0,0,0,-0.6147648851,0,0,0
0,0,0,-0.6144703854,0,0,0
0,0,0,-0.6141756467,0,0,0
0,0,0,-0.6138806695,0,0,0
0,0,0,-0.613585454,0,0,0
0,0,0,-0.6132900006,0,0,0
0,0,0,-0.6129943097,0,0,0
0,0,0,-0.6126983816,0,0,0
0,0,0,-0.6124022167,0,0,0
0,0,0,-0.6121058154,0,0,0
0,0,0,-0.611809178,0,0,0
0,0,0,-0.6115123048,0,0,0
0,0,0,-0.6112151963,0,0,0
0,0,0,-0.6109178528,0,0,0
0,0,0,-0.6106202746,0,0,0
0,0,0,-0.6103224621,0,0,0
0,0,0,-0.6100244157,0,0,0
0,0,0,-0.6097261357,0,0,0
0,0,0,-0.6094276226,0,0,0
0,0,0,-0.6091288765,0,0,0
0,0,0,-0.608829898,0,0,0
0,0,0,-0.6085306874,0,0,0
0,0,0,-0.6082312451,0,0,0
0,0,0,-0.6079315713,0,0,0
0,0,0,-0.6076316665,0,0,0
0,0,0,-0.607331531,0,0,0
0,0,0,-0.6070311653,0,0,0
0,0,0,-0.6067305695,0,0,0
0,0,0,-0.6064297443,0,0,0
0,0,0,-0.6061286897,0,0,0
0,0,0,-0.6058274064,0,0,0
0,0,0,-0.6055258946,0,0,0
0,0,0,-0.6052241546,0,0,0
0,0,0,-0.6049221869,0,0,0
0,0,0,-0.6046199918,0,0,0
0,0,0,-0.6043175697,0,0,0
0,0,0,-0.6040149209,0,0,0
0,0,0,-0.6037120458,0,0,0
0,0,0,-0.6034089448,0,0,0
0,0,0,-0.6031056183,0,0,0
0,0,0,-0.6028020665,0,0,0
0,0,0,-0.60249829,0,0,0
0,0,0,-0.6021942889,0,0,0
0,0,0,-0.6018900638,0,0,0
0,0,0,-0.601585615,0,0,0
0,0,0,-0.6012809428,0,0,0
0,0,0,-0.6009760476,0,0,0
0,0,0,-0.6006709298,0,0,0
0,0,0,-0.6003655897,0,0,0
0,0,0,-0.6000600278,0,0,0
0,0,0,-0.5997542443,0,0,0
0,0,0,-0.5994482397,0,0,0
0,0,0,-0.5991420144,0,0,0
0,0,0,-0.5988355686,0,0,0
0,0,0,-0.5985289028,0,0,0
0,0,0,-0.5982220173,0,0,0
0,0,0,-0.5979149125,0,0,0
0,0,0,-0.5976075888,0,0,0
0,0,0,-0.5973000466,0,0,0
0,0,0,-0.5969922862,0,0,0
0,0,0,-0.5966843079,0,0,0
0,0,0,-0.5963761122,0,0,0
0,0,0,-0.5960676995,0,0,0
0,0,0,-0.59575907,0,0,0
0,0,0,-0.5954502243,0,0,0
0,0,0,-0.5951411625,0,0,0
0,0,0,-0.5948318852,0,0,0
0,0,0,-0.5945223927,0,0,0
0,0,0,-0.5942126854,0,0,0
0,0,0,-0.5939027636,0,0,0
0,0,0,-0.5935926277,0,0,0
0,0,0,-0.5932822781,0,0,0
0,0,0,-0.5929717151,0,0,0
0,0,0,-0.5926609392,0,0,0
0,0,0,-0.5923499507,0,0,0
0,0,0,-0.59203875,0,0,0
0,0,0,-0.5917273374,0,0,0
0,0,0,-0.5914157133,0,0,0
0,0,0,-0.5911038782,0,0,0
0,0,0,-0.5907918323,0,0,0
0,0,0,-0.5904795762,0,0,0
0,0,0,-0.59016711,0,0,0
0,0,0,-0.5898544342,0,0,0
0,0,0,-0.5895415493,0,0,0
0,0,0,-0.5892284554,0,0,0
0,0,0,-0.5889151532,0,0,0
0,0,0,-0.5886016428,0,0,0
0,0,0,-0.5882879247,0,0,0
0,0,0,-0.5879739993,0,0,0
0,0,0,-0.587659867,0,0,0
0,0,0,-0.587345528,0,0,0
0,0,0,-0.5870309829,0,0,0
0,0,0,-0.5867162319,0,0,0
0,0,0,-0.5864012755,0,0,0
0,0,0,-0.586086114,0,0,0
0,0,0,-0.5857707479,0,0,0
0,0,0,-0.5854551774,0,0,0
0,0,0,-0.585139403,0,0,0
0,0,0,-0.584823425,0,0,0
0,0,0,-0.5845072439,0,0,0
0,0,0,-0.58419086,0,0,0
0,0,0,-0.5838742737,0,0,0
0,0,0,-0.5835574853,0,0,0
0,0,0,-0.5832404953,0,0,0
0,0,0,-0.582923304,0,0,0
0,0,0,-0.5826059118,0,0,0
0,0,0,-0.5822883191,0,0,0
0,0,0,-0.5819705263,0,0,0
0,0,0,-0.5816525337,0,0,0
0,0,0,-0.5813343418,0,0,0
0,0,0,-0.5810159508,0,0,0
0,0,0,-0.5806973613,0,0,0
0,0,0,-0.5803785735,0,0,0
0,0,0,-0.5800595879,0,0,0
0,0,0,-0.5797404049,0,0,0
0,0,0,-0.5794210247,0,0,0
0,0,0,-0.5791014479,0,0,0
0,0,0,-0.5787816747,0,0,0
0,0,0,-0.5784617056,0,0,0
0,0,0,-0.578141541,0,0,0
0,0,0,-0.5778211812,0,0,0
0,0,0,-0.5775006266,0,0,0
0,0,0,-0.5771798777,0,0,0
0,0,0,-0.5768589347,0,0,0
0,0,0,-0.5765377981,0,0,0
0,0,0,-0.5762164682,0,0,0
0,0,0,-0.5758949455,0,0,0
0,0,0,-0.5755732303,0,0,0
0,0,0,-0.575251323,0,0,0
0,0,0,-0.574929224,0,0,0
0,0,0,-0.5746069337,0,0,0
0,0,0,-0.5742844524,0,0,0
0,0,0,-0.5739617806,0,0,0
0,0,0,-0.5736389186,0,0,0
0,0,0,-0.5733158668,0,0,0
0,0,0,-0.5729926257,0,0,0
0,0,0,-0.5726691955,0,0,0
0,0,0,-0.5723455768,0,0,0
0,0,0,-0.5720217697,0,0,0
0,0,0,-0.5716977749,0,0,0
0,0,0,-0.5713735925,0,0,0
0,0,0,-0.5710492231,0,0,0
0,0,0,-0.570724667,0,0,0
0,0,0,-0.5703999246,0,0,0
0,0,0,-0.5700749963,0,0,0
0,0,0,-0.5697498825,0,0,0
0,0,0,-0.5694245835,0,0,0
0,0,0,-0.5690990998,0,0,0
0,0,0,-0.5687734317,0,0,0
0,0,0,-0.5684475797,0,0,0
0,0,0,-0.568121544,0,0,0
0,0,0,-0.5677953252,0,0,0
0,0,0,-0.5674689235,0,0,0
0,0,0,-0.5671423394,0,0,0
0,0,0,-0.5668155733,0,0,0
0,0,0,-0.5664886256,0,0,0
0,0,0,-0.5661614966,0,0,0
0,0,0,-0.5658341867,0,0,0
0,0,0,-0.5655066964,0,0,0
0,0,0,-0.565179026,0,0,0
0,0,0,-0.5648511759,0,0,0
0,0,0,-0.5645231465,0,0,0
0,0,0,-0.5641949382,0,0,0
0,0,0,-0.5638665513,0,0,0
0,0,0,-0.5635379864,0,0,0
0,0,0,-0.5632092436,0,0,0
0,0,0,-0.5628803236,0,0,0
0,0,0,-0.5625512266,0,0,0
0,0,0,-0.562221953,0,0,0
0,0,0,-0.5618925032,0,0,0
0,0,0,-0.5615628777,0,0,0
0,0,0,-0.5612330767,0,0,0
0,0,0,-0.5609031008,0,0,0
0,0,0,-0.5605729503,0,0,0
0,0,0,-0.5602426255,0,0,0
0,0,0,-0.5599121269,0,0,0
0,0,0,-0.5595814549,0,0,0
0,0,0,-0.5592506099,0,0,0
0,0,0,-0.5589195922,0,0,0
0,0,0,-0.5585884022,0,0,0
0,0,0,-0.5582570404,0,0,0
0,0,0,-0.5579255071,0,0,0
0,0,0,-0.5575938028,0,0,0
0,0,0,-0.5572619278,0,0,0
0,0,0,-0.5569298825,0,0,0
0,0,0,-0.5565976673,0,0,0
0,0,0,-0.5562652826,0,0,0
0,0,0,-0.5559327288,0,0,0
0,0,0,-0.5556000063,0,0,0
0,0,0,-0.5552671154,0,0,0
0,0,0,-0.5549340567,0,0,0
0,0,0,-0.5546008304,0,0,0
0,0,0,-0.554267437,0,0,0
0,0,0,-0.5539338769,0,0,0
0,0,0,-0.5536001504,0,0,0
0,0,0,-0.553266258,0,0,0
0,0,0,-0.5529322,0,0,0
0,0,0,-0.5525979769,0,0,0
0,0,0,-0.552263589,0,0,0
0,0,0,-0.5519290367,0,0,0
0,0,0,-0.5515943205,0,0,0
0,0,0,-0.5512594407,0,0,0
0,0,0,-0.5509243978,0,0,0
0,0,0,-0.550589192,0,0,0
0,0,0,-0.5502538239,0,0,0
0,0,0,-0.5499182938,0,0,0
0,0,0,-0.5495826021,0,0,0
0,0,0,-0.5492467492,0,0,0
0,0,0,-0.5489107355,0,0,0
0,0,0,-0.5485745614,0,0,0
0,0,0,-0.5482382274,0,0,0
0,0,0,-0.5479017337,0,0,0
0,0,0,-0.5475650808,0,0,0
0,0,0,-0.5472282691,0,0,0
0,0,0,-0.546891299,0,0,0
0,0,0,-0.5465541708,0,0,0
0,0,0,-0.5462168851,0,0,0
0,0,0,-0.5458794421,0,0,0
0,0,0,-0.5455418424,0,0,0
0,0,0,-0.5452040862,0,0,0
0,0,0,-0.5448661739,0,0,0
0,0,0,-0.5445281061,0,0,0
0,0,0,-0.544189883,0,0,0
0,0,0,-0.5438515051,0,0,0
0,0,0,-0.5435129728,0,0,0
0,0,0,-0.5431742865,0,0,0
0,0,0,-0.5428354465,0,0,0
0,0,0,-0.5424964533,0,0,0
0,0,0,-0.5421573073,0,0,0
0,0,0,-0.5418180088,0,0,0
0,0,0,-0.5414785583,0,0,0
0,0,0,-0.5411389562,0,0,0
0,0,0,-0.5407992028,0,0,0
0,0,0,-0.5404592987,0,0,0
0,0,0,-0.540119244,0,0,0
0,0,0,-0.5397790394,0,0,0
0,0,0,-0.5394386851,0,0,0
0,0,0,-0.5390981816,0,0,0
0,0,0,-0.5387575293,0,0,0
0,0,0,-0.5384167285,0,0,0
0,0,0,-0.5380757797,0,0,0
0,0,0,-0.5377346833,0,0,0
0,0,0,-0.5373934397,0,0,0
0,0,0,-0.5370520492,0,0,0
0,0,0,-0.5367105123,0,0,0
0,0,0,-0.5363688294,0,0,0
0,0,0,-0.5360270009,0,0,0
0,0,0,-0.5356850272,0,0,0
0,0,0,-0.5353429086,0,0,0
0,0,0,-0.5350006456,0,0,0
0,0,0,-0.5346582386,0,0,0
0,0,0,-0.534315688,0,0,0
0,0,0,-0.5339729942,0,0,0
0,0,0,-0.5336301576,0,0,0
0,0,0,-0.5332871785,0,0,0
0,0,0,-0.5329440575,0,0,0
0,0,0,-0.5326007949,0,0,0
0,0,0,-0.5322573911,0,0,0
0,0,0,-0.5319138464,0,0,0
0,0,0,-0.5315701614,0,0,0
0,0,0,-0.5312263364,0,0,0
0,0,0,-0.5308823718,0,0,0
0,0,0,-0.530538268,0,0,0
0,0,0,-0.5301940255,0,0,0
0,0,0,-0.5298496446,0,0,0
0,0,0,-0.5295051257,0,0,0
0,0,0,-0.5291604692,0,0,0
0,0,0,-0.5288156755,0,0,0
0,0,0,-0.5284707451,0,0,0
0,0,0,-0.5281256784,0,0,0
0,0,0,-0.5277804756,0,0,0
0,0,0,-0.5274351374,0,0,0
0,0,0,-0.527089664,0,0,0
0,0,0,-0.5267440558,0,0,0
0,0,0,-0.5263983133,0,0,0
0,0,0,-0.5260524368,0,0,0
0,0,0,-0.5257064269,0,0,0
0,0,0,-0.5253602838,0,0,0
0,0,0,-0.525014008,0,0,0
0,0,0,-0.5246675998,0,0,0
0,0,0,-0.5243210598,0,0,0
0,0,0,-0.5239743882,0,0,0
0,0,0,-0.5236275856,0,0,0
0,0,0,-0.5232806522,0,0,0
0,0,0,-0.5229335886,0,0,0
0,0,0,-0.522586395,0,0,0
0,0,0,-0.522239072,0,0,0
0,0,0,-0.5218916199,0,0,0
0,0,0,-0.5215440391,0,0,0
0,0,0,-0.5211963301,0,0,0
0,0,0,-0.5208484932,0,0,0
0,0,0,-0.5205005288,0,0,0
0,0,0,-0.5201524374,0,0,0
0,0,0,-0.5198042194,0,0,0
0,0,0,-0.5194558751,0,0,0
0,0,0,-0.519107405,0,0,0
0,0,0,-0.5187588094,0,0,0
0,0,0,-0.5184100888,0,0,0
0,0,0,-0.5180612436,0,0,0
0,0,0,-0.5177122742,0,0,0
0,0,0,-0.5173631811,0,0,0
0,0,0,-0.5170139645,0,0,0
0,0,0,-0.5166646249,0,0,0
0,0,0,-0.5163151627,0,0,0
0,0,0,-0.5159655784,0,0,0
0,0,0,-0.5156158723,0,0,0
0,0,0,-0.5152660448,0,0,0
0,0,0,-0.5149160963,0,0,0
0,0,0,-0.5145660274,0,0,0
0,0,0,-0.5142158382,0,0,0
0,0,0,-0.5138655294,0,0,0
0,0,0,-0.5135151012,0,0,0
0,0,0,-0.5131645541,0,0,0
0,0,0,-0.5128138884,0,0,0
0,0,0,-0.5124631047,0,0,0
0,0,0,-0.5121122033,0,0,0
0,0,0,-0.5117611845,0,0,0
0,0,0,-0.5114100489,0,0,0
0,0,0,-0.5110587968,0,0,0
0,0,0,-0.5107074286,0,0,0
0,0,0,-0.5103559448,0,0,0
0,0,0,-0.5100043457,0,0,0
0,0,0,-0.5096526318,0,0,0
0,0,0,-0.5093008034,0,0,0
0,0,0,-0.508948861,0,0,0
0,0,0,-0.508596805,0,0,0
0,0,0,-0.5082446357,0,0,0
0,0,0,-0.5078923537,0,0,0
0,0,0,-0.5075399592,0,0,0
0,0,0,-0.5071874528,0,0,0
0,0,0,-0.5068348347,0,0,0
0,0,0,-0.5064821055,0,0,0
0,0,0,-0.5061292655,0,0,0
0,0,0,-0.5057763152,0,0,0
0,0,0,-0.5054232549,0,0,0
0,0,0,-0.5050700851,0,0,0
0,0,0,-0.5047168061,0,0,0
0,0,0,-0.5043634184,0,0,0
0,0,0,-0.5040099224,0,0,0
0,0,0,-0.5036563184,0,0,0
0,0,0,-0.503302607,0,0,0
0,0,0,-0.5029487885,0,0,0
0,0,0,-0.5025948633,0,0,0
0,0,0,-0.5022408318,0,0,0
0,0,0,-0.5018866945,0,0,0
0,0,0,-0.5015324517,0,0,0
0,0,0,-0.5011781038,0,0,0
0,0,0,-0.5008236513,0,0,0
0,0,0,-0.5004690946,0,0,0
0,0,0,-0.500114434,0,0,0
0,0,0,-0.4997596701,0,0,0
0,0,0,-0.4994048031,0,0,0
0,0,0,-0.4990498336,0,0,0
0,0,0,-0.4986947618,0,0,0
0,0,0,-0.4983395883,0,0,0
0,0,0,-0.4979843134,0,0,0
0,0,0,-0.4976289376,0,0,0
0,0,0,-0.4972734612,0,0,0
0,0,0,-0.4969178847,0,0,0
0,0,0,-0.4965622084,0,0,0
0,0,0,-0.4962064329,0,0,0
0,0,0,-0.4958505584,0,0,0
0,0,0,-0.4954945854,0,0,0
0,0,0,-0.4951385143,0,0,0
0,0,0,-0.4947823456,0,0,0
0,0,0,-0.4944260795,0,0,0
0,0,0,-0.4940697166,0,0,0
0,0,0,-0.4937132573,0,0,0
0,0,0,-0.4933567019,0,0,0
0,0,0,-0.4930000509,0,0,0
0,0,0,-0.4926433046,0,0,0
0,0,0,-0.4922864636,0,0,0
0,0,0,-0.4919295281,0,0,0
0,0,0,-0.4915724986,0,0,0
0,0,0,-0.4912153756,0,0,0
0,0,0,-0.4908581594,0,0,0
0,0,0,-0.4905008504,0,0,0
0,0,0,-0.490143449,0,0,0
0,0,0,-0.4897859557,0,0,0
0,0,0,-0.4894283709,0,0,0
0,0,0,-0.489070695,0,0,0
0,0,0,-0.4887129283,0,0,0
0,0,0,-0.4883550713,0,0,0
0,0,0,-0.4879971244,0,0,0
0,0,0,-0.4876390881,0,0,0
0,0,0,-0.4872809627,0,0,0
0,0,0,-0.4869227486,0,0,0
0,0,0,-0.4865644462,0,0,0
0,0,0,-0.486206056,0,0,0
0,0,0,-0.4858475784,0,0,0
0,0,0,-0.4854890137,0,0,0
0,0,0,-0.4851303625,0,0,0
0,0,0,-0.484771625,0,0,0
0,0,0,-0.4844128017,0,0,0
0,0,0,-0.4840538931,0,0,0
0,0,0,-0.4836948995,0,0,0
0,0,0,-0.4833358213,0,0,0
0,0,0,-0.4829766589,0,0,0
0,0,0,-0.4826174128,0,0,0
0,0,0,-0.4822580834,0,0,0
0,0,0,-0.4818986711,0,0,0
0,0,0,-0.4815391762,0,0,0
0,0,0,-0.4811795993,0,0,0
0,0,0,-0.4808199406,0,0,0
0,0,0,-0.4804602007,0,0,0
0,0,0,-0.4801003799,0,0,0
0,0,0,-0.4797404786,0,0,0
0,0,0,-0.4793804973,0,0,0
0,0,0,-0.4790204363,0,0,0
0,0,0,-0.4786602962,0,0,0
0,0,0,-0.4783000772,0,0,0
0,0,0,-0.4779397797,0,0,0
0,0,0,-0.4775794043,0,0,0
0,0,0,-0.4772189513,0,0,0
0,0,0,-0.4768584211,0,0,0
0,0,0,-0.4764978142,0,0,0
0,0,0,-0.4761371309,0,0,0
0,0,0,-0.4757763716,0,0,0
0,0,0,-0.4754155368,0,0,0
0,0,0,-0.4750546269,0,0,0
0,0,0,-0.4746936423,0,0,0
0,0,0,-0.4743325833,0,0,0
0,0,0,-0.4739714505,0,0,0
0,0,0,-0.4736102442,0,0,0
0,0,0,-0.4732489648,0,0,0
0,0,0,-0.4728876127,0,0,0
0,0,0,-0.4725261884,0,0,0
0,0,0,-0.4721646922,0,0,0
0,0,0,-0.4718031246,0,0,0
0,0,0,-0.471441486,0,0,0
0,0,0,-0.4710797767,0,0,0
0,0,0,-0.4707179973,0,0,0
0,0,0,-0.4703561481,0,0,0
0,0,0,-0.4699942294,0,0,0
0,0,0,-0.4696322418,0,0,0
0,0,0,-0.4692701857,0,0,0
0,0,0,-0.4689080614,0,0,0
0,0,0,-0.4685458693,0,0,0
0,0,0,-0.4681836099,0,0,0
0,0,0,-0.4678212836,0,0,0
0,0,0,-0.4674588908,0,0,0
0,0,0,-0.4670964319,0,0,0
0,0,0,-0.4667339073,0,0,0
0,0,0,-0.4663713174,0,0,0
0,0,0,-0.4660086626,0,0,0
0,0,0,-0.4656459433,0,0,0
0,0,0,-0.4652831601,0,0,0
0,0,0,-0.4649203131,0,0,0
0,0,0,-0.464557403,0,0,0
0,0,0,-0.46419443,0,0,0
0,0,0,-0.4638313946,0,0,0
0,0,0,-0.4634682972,0,0,0
0,0,0,-0.4631051382,0,0,0
0,0,0,-0.462741918,0,0,0
0,0,0,-0.4623786371,0,0,0
0,0,0,-0.4620152957,0,0,0
0,0,0,-0.4616518945,0,0,0
0,0,0,-0.4612884337,0,0,0
0,0,0,-0.4609249137,0,0,0
0,0,0,-0.460561335,0,0,0
0,0,0,-0.460197698,0,0,0
0,0,0,-0.4598340031,0,0,0
0,0,0,-0.4594702508,0,0,0
0,0,0,-0.4591064413,0,0,0
0,0,0,-0.4587425751,0,0,0
0,0,0,-0.4583786527,0,0,0
0,0,0,-0.4580146744,0,0,0
0,0,0,-0.4576506407,0,0,0
0,0,0,-0.4572865519,0,0,0
0,0,0,-0.4569224085,0,0,0
0,0,0,-0.4565582109,0,0,0
0,0,0,-0.4561939595,0,0,0
0,0,0,-0.4558296546,0,0,0
0,0,0,-0.4554652968,0,0,0
0,0,0,-0.4551008864,0,0,0
0,0,0,-0.4547364238,0,0,0
0,0,0,-0.4543719094,0,0,0
0,0,0,-0.4540073437,0,0,0
0,0,0,-0.4536427271,0,0,0
0,0,0,-0.4532780599,0,0,0
0,0,0,-0.4529133425,0,0,0
0,0,0,-0.4525485755,0,0,0
0,0,0,-0.4521837591,0,0,0
0,0,0,-0.4518188938,0,0,0
0,0,0,-0.4514539801,0,0,0
0,0,0,-0.4510890182,0,0,0
0,0,0,-0.4507240087,0,0,0
0,0,0,-0.4503589519,0,0,0
0,0,0,-0.4499938483,0,0,0
0,0,0,-0.4496286981,0,0,0
0,0,0,-0.449263502,0,0,0
0,0,0,-0.4488982602,0,0,0
0,0,0,-0.4485329732,0,0,0
0,0,0,-0.4481676414,0,0,0
0,0,0,-0.4478022651,0,0,0
0,0,0,-0.4474368449,0,0,0
0,0,0,-0.447071381,0,0,0
0,0,0,-0.446705874,0,0,0
0,0,0,-0.4463403242,0,0,0
0,0,0,-0.445974732,0,0,0
0,0,0,-0.4456090979,0,0,0
0,0,0,-0.4452434222,0,0,0
0,0,0,-0.4448777054,0,0,0
0,0,0,-0.4445119478,0,0,0
0,0,0,-0.4441461499,0,0,0
0,0,0,-0.4437803121,0,0,0
0,0,0,-0.4434144347,0,0,0
0,0,0,-0.4430485183,0,0,0
0,0,0,-0.4426825631,0,0,0
0,0,0,-0.4423165697,0,0,0
0,0,0,-0.4419505383,0,0,0
0,0,0,-0.4415844695,0,0,0
0,0,0,-0.4412183636,0,0,0
0,0,0,-0.4408522211,0,0,0
0,0,0,-0.4404860423,0,0,0
0,0,0,-0.4401198276,0,0,0
0,0,0,-0.4397535775,0,0,0
0,0,0,-0.4393872924,0,0,0
0,0,0,-0.4390209726,0,0,0
0,0,0,-0.4386546187,0,0,0
0,0,0,-0.4382882309,0,0,0
0,0,0,-0.4379218096,0,0,0
0,0,0,-0.4375553554,0,0,0
0,0,0,-0.4371888686,0,0,0
0,0,0,-0.4368223496,0,0,0
0,0,0,-0.4364557988,0,0,0
0,0,0,-0.4360892167,0,0,0
0,0,0,-0.4357226036,0,0,0
0,0,0,-0.4353559599,0,0,0
0,0,0,-0.434989286,0,0,0
0,0,0,-0.4346225824,0,0,0
0,0,0,-0.4342558494,0,0,0
0,0,0,-0.4338890875,0,0,0
0,0,0,-0.4335222971,0,0,0
0,0,0,-0.4331554786,0,0,0
0,0,0,-0.4327886323,0,0,0
0,0,0,-0.4324217587,0,0,0
0,0,0,-0.4320548582,0,0,0
0,0,0,-0.4316879311,0,0,0
0,0,0,-0.431320978,0,0,0
0,0,0,-0.4309539992,0,0,0
0,0,0,-0.4305869951,0,0,0
0,0,0,-0.4302199661,0,0,0
0,0,0,-0.4298529126,0,0,0
0,0,0,-0.429485835,0,0,0
0,0,0,-0.4291187338,0,0,0
0,0,0,-0.4287516093,0,0,0
0,0,0,-0.4283844619,0,0,0
0,0,0,-0.4280172921,0,0,0
0,0,0,-0.4276501002,0,0,0
0,0,0,-0.4272828867,0,0,0
0,0,0,-0.426915652,0,0,0
0,0,0,-0.4265483963,0,0,0
0,0,0,-0.4261811203,0,0,0
0,0,0,-0.4258138242,0,0,0
0,0,0,-0.4254465085,0,0,0
0,0,0,-0.4250791736,0,0,0
0,0,0,-0.4247118198,0,0,0
0,0,0,-0.4243444477,0,0,0
0,0,0,-0.4239770575,0,0,0
0,0,0,-0.4236096497,0,0,0
0,0,0,-0.4232422247,0,0,0
0,0,0,-0.4228747829,0,0,0
0,0,0,-0.4225073247,0,0,0
0,0,0,-0.4221398505,0,0,0
0,0,0,-0.4217723607,0,0,0
0,0,0,-0.4214048557,0,0,0
0,0,0,-0.4210373359,0,0,0
0,0,0,-0.4206698018,0,0,0
0,0,0,-0.4203022536,0,0,0
0,0,0,-0.4199346919,0,0,0
0,0,0,-0.419567117,0,0,0
0,0,0,-0.4191995293,0,0,0
0,0,0,-0.4188319293,0,0,0
0,0,0,-0.4184643173,0,0,0
0,0,0,-0.4180966937,0,0,0
0,0,0,-0.4177290589,0,0,0
0,0,0,-0.4173614134,0,0,0
0,0,0,-0.4169937575,0,0,0
0,0,0,-0.4166260917,0,0,0
0,0,0,-0.4162584163,0,0,0
0,0,0,-0.4158907317,0,0,0
0,0,0,-0.4155230384,0,0,0
0,0,0,-0.4151553367,0,0,0
0,0,0,-0.414787627,0,0,0
0,0,0,-0.4144199099,0,0,0
0,0,0,-0.4140521855,0,0,0
0,0,0,-0.4136844544,0,0,0
0,0,0,-0.413316717,0,0,0
0,0,0,-0.4129489736,0,0,0
0,0,0,-0.4125812246,0,0,0
0,0,0,-0.4122134705,0,0,0
0,0,0,-0.4118457117,0,0,0
0,0,0,-0.4114779484,0,0,0
0,0,0,-0.4111101813,0,0,0
0,0,0,-0.4107424106,0,0,0
0,0,0,-0.4103746367,0,0,0
0,0,0,-0.4100068601,0,0,0
0,0,0,-0.4096390812,0,0,0
0,0,0,-0.4092713003,0,0,0
0,0,0,-0.4089035178,0,0,0
0,0,0,-0.4085357342,0,0,0
0,0,0,-0.4081679498,0,0,0
0,0,0,-0.4078001651,0,0,0
0,0,0,-0.4074323804,0,0,0
0,0,0,-0.4070645962,0,0,0
0,0,0,-0.4066968128,0,0,0
0,0,0,-0.4063290306,0,0,0
0,0,0,-0.4059612501,0,0,0
0,0,0,-0.4055934716,0,0,0
0,0,0,-0.4052256955,0,0,0
0,0,0,-0.4048579223,0,0,0
0,0,0,-0.4044901523,0,0,0
0,0,0,-0.4041223859,0,0,0
0,0,0,-0.4037546236,0,0,0
0,0,0,-0.4033868657,0,0,0
0,0,0,-0.4030191126,0,0,0
0,0,0,-0.4026513647,0,0,0
0,0,0,-0.4022836224,0,0,0
0,0,0,-0.4019158862,0,0,0
0,0,0,-0.4015481563,0,0,0
0,0,0,-0.4011804333,0,0,0
0,0,0,-0.4008127174,0,0,0
0,0,0,-0.4004450092,0,0,0
0,0,0,-0.4000773089,0,0,0
0,0,0,-0.3997096171,0,0,0
0,0,0,-0.399341934,0,0,0
0,0,0,-0.3989742601,0,0,0
0,0,0,-0.3986065958,0,0,0
0,0,0,-0.3982389414,0,0,0
0,0,0,-0.3978712975,0,0,0
0,0,0,-0.3975036642,0,0,0
0,0,0,-0.3971360422,0,0,0
0,0,0,-0.3967684317,0,0,0
0,0,0,-0.3964008331,0,0,0
0,0,0,-0.3960332469,0,0,0
0,0,0,-0.3956656735,0,0,0
0,0,0,-0.3952981132,0,0,0
0,0,0,-0.3949305664,0,0,0
0,0,0,-0.3945630335,0,0,0
0,0,0,-0.3941955149,0,0,0
0,0,0,-0.3938280111,0,0,0
0,0,0,-0.3934605223,0,0,0
0,0,0,-0.3930930491,0,0,0
0,0,0,-0.3927255917,0,0,0
0,0,0,-0.3923581506,0,0,0
0,0,0,-0.3919907262,0,0,0
0,0,0,-0.3916233189,0,0,0
0,0,0,-0.3912559291,0,0,0
0,0,0,-0.3908885571,0,0,0
0,0,0,-0.3905212033,0,0,0
0,0,0,-0.3901538682,0,0,0
0,0,0,-0.3897865521,0,0,0
0,0,0,-0.3894192555,0,0,0
0,0,0,-0.3890519787,0,0,0
0,0,0,-0.3886847221,0,0,0
0,0,0,-0.388317486,0,0,0
0,0,0,-0.387950271,0,0,0
0,0,0,-0.3875830774,0,0,0
0,0,0,-0.3872159055,0,0,0
0,0,0,-0.3868487559,0,0,0
0,0,0,-0.3864816287,0,0,0
0,0,0,-0.3861145246,0,0,0
0,0,0,-0.3857474437,0,0,0
0,0,0,-0.3853803866,0,0,0
0,0,0,-0.3850133536,0,0,0
0,0,0,-0.3846463452,0,0,0
0,0,0,-0.3842793616,0,0,0
0,0,0,-0.3839124033,0,0,0
0,0,0,-0.3835454707,0,0,0
0,0,0,-0.3831785642,0,0,0
0,0,0,-0.3828116842,0,0,0
0,0,0,-0.382444831,0,0,0
0,0,0,-0.382078005,0,0,0
0,0,0,-0.3817112067,0,0,0
0,0,0,-0.3813444363,0,0,0
0,0,0,-0.3809776944,0,0,0
0,0,0,-0.3806109813,0,0,0
0,0,0,-0.3802442974,0,0,0
0,0,0,-0.379877643,0,0,0
0,0,0,-0.3795110186,0,0,0
0,0,0,-0.3791444245,0,0,0
0,0,0,-0.3787778612,0,0,0
0,0,0,-0.378411329,0,0,0
0,0,0,-0.3780448283,0,0,0
0,0,0,-0.3776783595,0,0,0
0,0,0,-0.377311923,0,0,0
0,0,0,-0.3769455192,0,0,0
0,0,0,-0.3765791484,0,0,0
0,0,0,-0.376212811,0,0,0
0,0,0,-0.3758465075,0,0,0
0,0,0,-0.3754802382,0,0,0
0,0,0,-0.3751140035,0,0,0
0,0,0,-0.3747478038,0,0,0
0,0,0,-0.3743816395,0,0,0
0,0,0,-0.3740155109,0,0,0
0,0,0,-0.3736494185,0,0,0
0,0,0,-0.3732833626,0,0,0
0,0,0,-0.3729173436,0,0,0
0,0,0,-0.3725513619,0,0,0
0,0,0,-0.3721854179,0,0,0
0,0,0,-0.371819512,0,0,0
0,0,0,-0.3714536445,0,0,0
0,0,0,-0.3710878158,0,0,0
0,0,0,-0.3707220264,0,0,0
0,0,0,-0.3703562766,0,0,0
0,0,0,-0.3699905667,0,0,0
0,0,0,-0.3696248973,0,0,0
0,0,0,-0.3692592686,0,0,0
0,0,0,-0.368893681,0,0,0
0,0,0,-0.3685281349,0,0,0
0,0,0,-0.3681626308,0,0,0
0,0,0,-0.3677971689,0,0,0
0,0,0,-0.3674317497,0,0,0
0,0,0,-0.3670663735,0,0,0
0,0,0,-0.3667010408,0,0,0
0,0,0,-0.3663357519,0,0,0
0,0,0,-0.3659705071,0,0,0
0,0,0,-0.365605307,0,0,0
0,0,0,-0.3652401518,0,0,0
0,0,0,-0.3648750419,0,0,0
0,0,0,-0.3645099778,0,0,0
0,0,0,-0.3641449597,0,0,0
0,0,0,-0.3637799882,0,0,0
0,0,0,-0.3634150635,0,0,0
0,0,0,-0.363050186,0,0,0
0,0,0,-0.3626853561,0,0,0
0,0,0,-0.3623205743,0,0,0
0,0,0,-0.3619558408,0,0,0
0,0,0,-0.3615911561,0,0,0
0,0,0,-0.3612265205,0,0,0
0,0,0,-0.3608619344,0,0,0
0,0,0,-0.3604973982,0,0,0
0,0,0,-0.3601329123,0,0,0
0,0,0,-0.3597684771,0,0,0
0,0,0,-0.3594040928,0,0,0
0,0,0,-0.35903976,0,0,0
0,0,0,-0.3586754789,0,0,0
0,0,0,-0.3583112501,0,0,0
0,0,0,-0.3579470737,0,0,0
0,0,0,-0.3575829503,0,0,0
0,0,0,-0.3572188801,0,0,0
0,0,0,-0.3568548636,0,0,0
0,0,0,-0.3564909012,0,0,0
0,0,0,-0.3561269932,0,0,0
0,0,0,-0.35576314,0,0,0
0,0,0,-0.3553993419,0,0,0
0,0,0,-0.3550355994,0,0,0
0,0,0,-0.3546719128,0,0,0
0,0,0,-0.3543082825,0,0,0
0,0,0,-0.3539447089,0,0,0
0,0,0,-0.3535811924,0,0,0
0,0,0,-0.3532177332,0,0,0
0,0,0,-0.3528543319,0,0,0
0,0,0,-0.3524909887,0,0,0
0,0,0,-0.3521277041,0,0,0
0,0,0,-0.3517644784,0,0,0
0,0,0,-0.351401312,0,0,0
0,0,0,-0.3510382052,0,0,0
0,0,0,-0.3506751585,0,0,0
0,0,0,-0.3503121722,0,0,0
0,0,0,-0.3499492467,0,0,0
0,0,0,-0.3495863823,0,0,0
0,0,0,-0.3492235795,0,0,0
0,0,0,-0.3488608385,0,0,0
0,0,0,-0.3484981599,0,0,0
0,0,0,-0.3481355438,0,0,0
0,0,0,-0.3477729908,0,0,0
0,0,0,-0.3474105012,0,0,0
0,0,0,-0.3470480754,0,0,0
0,0,0,-0.3466857136,0,0,0
0,0,0,-0.3463234164,0,0,0
0,0,0,-0.345961184,0,0,0
0,0,0,-0.3455990169,0,0,0
0,0,0,-0.3452369154,0,0,0
0,0,0,-0.3448748798,0,0,0
0,0,0,-0.3445129106,0,0,0
0,0,0,-0.3441510082,0,0,0
0,0,0,-0.3437891728,0,0,0
0,0,0,-0.3434274048,0,0,0
0,0,0,-0.3430657047,0,0,0
0,0,0,-0.3427040728,0,0,0
0,0,0,-0.3423425094,0,0,0
0,0,0,-0.341981015,0,0,0
0,0,0,-0.3416195899,0,0,0
0,0,0,-0.3412582344,0,0,0
0,0,0,-0.3408969489,0,0,0
0,0,0,-0.3405357339,0,0,0
0,0,0,-0.3401745896,0,0,0
0,0,0,-0.3398135165,0,0,0
0,0,0,-0.3394525148,0,0,0
0,0,0,-0.339091585,0,0,0
0,0,0,-0.3387307274,0,0,0
0,0,0,-0.3383699424,0,0,0
0,0,0,-0.3380092304,0,0,0
0,0,0,-0.3376485917,0,0,0
0,0,0,-0.3372880267,0,0,0
0,0,0,-0.3369275358,0,0,0
0,0,0,-0.3365671192,0,0,0
0,0,0,-0.3362067775,0,0,0
0,0,0,-0.3358465109,0,0,0
0,0,0,-0.3354863198,0,0,0
0,0,0,-0.3351262045,0,0,0
0,0,0,-0.3347661656,0,0,0
0,0,0,-0.3344062032,0,0,0
0,0,0,-0.3340463177,0,0,0
0,0,0,-0.3336865096,0,0,0
0,0,0,-0.3333267792,0,0,0
0,0,0,-0.3329671269,0,0,0
0,0,0,-0.3326075529,0,0,0
0,0,0,-0.3322480577,0,0,0
0,0,0,-0.3318886417,0,0,0
0,0,0,-0.3315293051,0,0,0
0,0,0,-0.3311700484,0,0,0
0,0,0,-0.3308108719,0,0,0
0,0,0,-0.330451776,0,0,0
0,0,0,-0.3300927611,0,0,0
0,0,0,-0.3297338274,0,0,0
0,0,0,-0.3293749754,0,0,0
0,0,0,-0.3290162054,0,0,0
0,0,0,-0.3286575178,0,0,0
0,0,0,-0.3282989129,0,0,0
0,0,0,-0.3279403911,0,0,0
0,0,0,-0.3275819527,0,0,0
0,0,0,-0.3272235982,0,0,0
0,0,0,-0.3268653278,0,0,0
0,0,0,-0.326507142,0,0,0
0,0,0,-0.326149041,0,0,0
0,0,0,-0.3257910253,0,0,0
0,0,0,-0.3254330952,0,0,0
0,0,0,-0.325075251,0,0,0
0,0,0,-0.3247174931,0,0,0
0,0,0,-0.3243598219,0,0,0
0,0,0,-0.3240022377,0,0,0
0,0,0,-0.3236447409,0,0,0
0,0,0,-0.3232873319,0,0,0
0,0,0,-0.3229300109,0,0,0
0,0,0,-0.3225727783,0,0,0
0,0,0,-0.3222156346,0,0,0
0,0,0,-0.32185858,0,0,0
0,0,0,-0.3215016149,0,0,0
0,0,0,-0.3211447397,0,0,0
0,0,0,-0.3207879547,0,0,0
0,0,0,-0.3204312602,0,0,0
0,0,0,-0.3200746567,0,0,0
0,0,0,-0.3197181444,0,0,0
0,0,0,-0.3193617238,0,0,0
0,0,0,-0.3190053952,0,0,0
0,0,0,-0.3186491588,0,0,0
0,0,0,-0.3182930152,0,0,0
0,0,0,-0.3179369646,0,0,0
0,0,0,-0.3175810074,0,0,0
0,0,0,-0.3172251439,0,0,0
0,0,0,-0.3168693745,0,0,0
0,0,0,-0.3165136995,0,0,0
0,0,0,-0.3161581193,0,0,0
0,0,0,-0.3158026343,0,0,0
0,0,0,-0.3154472447,0,0,0
0,0,0,-0.315091951,0,0,0
0,0,0,-0.3147367535,0,0,0
0,0,0,-0.3143816525,0,0,0
0,0,0,-0.3140266484,0,0,0
0,0,0,-0.3136717415,0,0,0
0,0,0,-0.3133169322,0,0,0
0,0,0,-0.3129622208,0,0,0
0,0,0,-0.3126076077,0,0,0
0,0,0,-0.3122530932,0,0,0
0,0,0,-0.3118986777,0,0,0
0,0,0,-0.3115443615,0,0,0
0,0,0,-0.3111901449,0,0,0
0,0,0,-0.3108360284,0,0,0
0,0,0,-0.3104820122,0,0,0
0,0,0,-0.3101280967,0,0,0
0,0,0,-0.3097742823,0,0,0
0,0,0,-0.3094205693,0,0,0
0,0,0,-0.3090669579,0,0,0
0,0,0,-0.3087134487,0,0,0
0,0,0,-0.3083600419,0,0,0
0,0,0,-0.3080067379,0,0,0
0,0,0,-0.307653537,0,0,0
0,0,0,-0.3073004395,0,0,0
0,0,0,-0.3069474458,0,0,0
0,0,0,-0.3065945563,0,0,0
0,0,0,-0.3062417712,0,0,0
0,0,0,-0.305889091,0,0,0
0,0,0,-0.305536516,0,0,0
0,0,0,-0.3051840464,0,0,0
0,0,0,-0.3048316828,0,0,0
0,0,0,-0.3044794253,0,0,0
0,0,0,-0.3041272743,0,0,0
0,0,0,-0.3037752302,0,0,0
0,0,0,-0.3034232933,0,0,0
0,0,0,-0.303071464,0,0,0
0,0,0,-0.3027197426,0,0,0
0,0,0,-0.3023681294,0,0,0
0,0,0,-0.3020166248,0,0,0
0,0,0,-0.3016652291,0,0,0
0,0,0,-0.3013139427,0,0,0
0,0,0,-0.3009627658,0,0,0
0,0,0,-0.3006116989,0,0,0
0,0,0,-0.3002607422,0,0,0
0,0,0,-0.2999098962,0,0,0
0,0,0,-0.299559161,0,0,0
0,0,0,-0.2992085372,0,0,0
0,0,0,-0.298858025,0,0,0
0,0,0,-0.2985076247,0,0,0
0,0,0,-0.2981573367,0,0,0
0,0,0,-0.2978071613,0,0,0
0,0,0,-0.2974570989,0,0,0
0,0,0,-0.2971071498,0,0,0
0,0,0,-0.2967573143,0,0,0
0,0,0,-0.2964075928,0,0,0
0,0,0,-0.2960579856,0,0,0
0,0,0,-0.295708493,0,0,0
0,0,0,-0.2953591153,0,0,0
0,0,0,-0.295009853,0,0,0
0,0,0,-0.2946607063,0,0,0
0,0,0,-0.2943116756,0,0,0
0,0,0,-0.2939627611,0,0,0
0,0,0,-0.2936139633,0,0,0
0,0,0,-0.2932652824,0,0,0
0,0,0,-0.2929167189,0,0,0
0,0,0,-0.292568273,0,0,0
0,0,0,-0.292219945,0,0,0
0,0,0,-0.2918717353,0,0,0
0,0,0,-0.2915236442,0,0,0
0,0,0,-0.2911756721,0,0,0
0,0,0,-0.2908278192,0,0,0
0,0,0,-0.290480086,0,0,0
0,0,0,-0.2901324727,0,0,0
0,0,0,-0.2897849796,0,0,0
0,0,0,-0.2894376072,0,0,0
0,0,0,-0.2890903556,0,0,0
0,0,0,-0.2887432254,0,0,0
0,0,0,-0.2883962167,0,0,0
0,0,0,-0.2880493299,0,0,0
0,0,0,-0.2877025653,0,0,0
0,0,0,-0.2873559233,0,0,0
0,0,0,-0.2870094042,0,0,0
0,0,0,-0.2866630083,0,0,0
0,0,0,-0.2863167359,0,0,0
0,0,0,-0.2859705874,0,0,0
0,0,0,-0.2856245631,0,0,0
0,0,0,-0.2852786632,0,0,0
0,0,0,-0.2849328883,0,0,0
0,0,0,-0.2845872385,0,0,0
0,0,0,-0.2842417142,0,0,0
0,0,0,-0.2838963156,0,0,0
0,0,0,-0.2835510433,0,0,0
0,0,0,-0.2832058973,0,0,0
0,0,0,-0.2828608782,0,0,0
0,0,0,-0.2825159862,0,0,0
0,0,0,-0.2821712216,0,0,0
0,0,0,-0.2818265847,0,0,0
0,0,0,-0.2814820759,0,0,0
0,0,0,-0.2811376955,0,0,0
0,0,0,-0.2807934438,0,0,0
0,0,0,-0.2804493211,0,0,0
0,0,0,-0.2801053278,0,0,0
0,0,0,-0.2797614642,0,0,0
0,0,0,-0.2794177305,0,0,0
0,0,0,-0.2790741272,0,0,0
0,0,0,-0.2787306545,0,0,0
0,0,0,-0.2783873127,0,0,0
0,0,0,-0.2780441022,0,0,0
0,0,0,-0.2777010233,0,0,0
0,0,0,-0.2773580763,0,0,0
0,0,0,-0.2770152615,0,0,0
0,0,0,-0.2766725792,0,0,0
0,0,0,-0.2763300298,0,0,0
0,0,0,-0.2759876136,0,0,0
0,0,0,-0.2756453309,0,0,0
0,0,0,-0.2753031819,0,0,0
0,0,0,-0.2749611671,0,0,0
0,0,0,-0.2746192867,0,0,0
0,0,0,-0.2742775411,0,0,0
0,0,0,-0.2739359305,0,0,0
0,0,0,-0.2735944553,0,0,0
0,0,0,-0.2732531158,0,0,0
0,0,0,-0.2729119123,0,0,0
0,0,0,-0.2725708451,0,0,0
0,0,0,-0.2722299145,0,0,0
0,0,0,-0.2718891209,0,0,0
0,0,0,-0.2715484646,0,0,0
0,0,0,-0.2712079458,0,0,0
0,0,0,-0.2708675649,0,0,0
0,0,0,-0.2705273221,0,0,0
0,0,0,-0.2701872179,0,0,0
0,0,0,-0.2698472525,0,0,0
0,0,0,-0.2695074262,0,0,0
0,0,0,-0.2691677393,0,0,0
0,0,0,-0.2688281922,0,0,0
0,0,0,-0.2684887852,0,0,0
0,0,0,-0.2681495185,0,0,0
0,0,0,-0.2678103924,0,0,0
0,0,0,-0.2674714074,0,0,0
0,0,0,-0.2671325636,0,0,0
0,0,0,-0.2667938614,0,0,0
0,0,0,-0.2664553011,0,0,0
0,0,0,-0.2661168831,0,0,0
0,0,0,-0.2657786075,0,0,0
0,0,0,-0.2654404748,0,0,0
0,0,0,-0.2651024851,0,0,0
0,0,0,-0.264764639,0,0,0
0,0,0,-0.2644269365,0,0,0
0,0,0,-0.2640893781,0,0,0
0,0,0,-0.263751964,0,0,0
0,0,0,-0.2634146946,0,0,0
0,0,0,-0.2630775702,0,0,0
0,0,0,-0.262740591,0,0,0
0,0,0,-0.2624037574,0,0,0
0,0,0,-0.2620670696,0,0,0
0,0,0,-0.261730528,0,0,0
0,0,0,-0.2613941328,0,0,0
0,0,0,-0.2610578845,0,0,0
0,0,0,-0.2607217832,0,0,0
0,0,0,-0.2603858293,0,0,0
0,0,0,-0.260050023,0,0,0
0,0,0,-0.2597143648,0,0,0
0,0,0,-0.2593788548,0,0,0
0,0,0,-0.2590434933,0,0,0
0,0,0,-0.2587082808,0,0,0
0,0,0,-0.2583732174,0,0,0
0,0,0,-0.2580383035,0,0,0
0,0,0,-0.2577035394,0,0,0
0,0,0,-0.2573689253,0,0,0
0,0,0,-0.2570344617,0,0,0
0,0,0,-0.2567001486,0,0,0
0,0,0,-0.2563659866,0,0,0
0,0,0,-0.2560319758,0,0,0
0,0,0,-0.2556981165,0,0,0
0,0,0,-0.2553644091,0,0,0
0,0,0,-0.2550308538,0,0,0
0,0,0,-0.254697451,0,0,0
0,0,0,-0.254364201,0,0,0
0,0,0,-0.2540311039,0,0,0
0,0,0,-0.2536981602,0,0,0
0,0,0,-0.2533653701,0,0,0
0,0,0,-0.2530327339,0,0,0
0,0,0,-0.2527002519,0,0,0
0,0,0,-0.2523679244,0,0,0
0,0,0,-0.2520357517,0,0,0
0,0,0,-0.2517037341,0,0,0
0,0,0,-0.2513718719,0,0,0
0,0,0,-0.2510401653,0,0,0
0,0,0,-0.2507086147,0,0,0
0,0,0,-0.2503772203,0,0,0
0,0,0,-0.2500459825,0,0,0
0,0,0,-0.2497149015,0,0,0
0,0,0,-0.2493839776,0,0,0
0,0,0,-0.2490532112,0,0,0
0,0,0,-0.2487226024,0,0,0
0,0,0,-0.2483921516,0,0,0
0,0,0,-0.2480618591,0,0,0
0,0,0,-0.2477317252,0,0,0
0,0,0,-0.2474017501,0,0,0
0,0,0,-0.2470719341,0,0,0
0,0,0,-0.2467422775,0,0,0
0,0,0,-0.2464127807,0,0,0
0,0,0,-0.2460834439,0,0,0
0,0,0,-0.2457542673,0,0,0
0,0,0,-0.2454252513,0,0,0
0,0,0,-0.2450963962,0,0,0
0,0,0,-0.2447677022,0,0,0
0,0,0,-0.2444391696,0,0,0
0,0,0,-0.2441107987,0,0,0
0,0,0,-0.2437825898,0,0,0
0,0,0,-0.2434545432,0,0,0
0,0,0,-0.2431266592,0,0,0
0,0,0,-0.2427989379,0,0,0
0,0,0,-0.2424713798,0,0,0
0,0,0,-0.2421439851,0,0,0
0,0,0,-0.2418167541,0,0,0
0,0,0,-0.241489687,0,0,0
0,0,0,-0.2411627842,0,0,0
0,0,0,-0.2408360459,0,0,0
0,0,0,-0.2405094724,0,0,0
0,0,0,-0.240183064,0,0,0
0,0,0,-0.2398568209,0,0,0
0,0,0,-0.2395307435,0,0,0
0,0,0,-0.239204832,0,0,0
0,0,0,-0.2388790867,0,0,0
0,0,0,-0.2385535079,0,0,0
0,0,0,-0.2382280958,0,0,0
0,0,0,-0.2379028508,0,0,0
0,0,0,-0.237577773,0,0,0
0,0,0,-0.2372528629,0,0,0
0,0,0,-0.2369281206,0,0,0
0,0,0,-0.2366035464,0,0,0
0,0,0,-0.2362791406,0,0,0
0,0,0,-0.2359549036,0,0,0
0,0,0,-0.2356308354,0,0,0
0,0,0,-0.2353069366,0,0,0
0,0,0,-0.2349832072,0,0,0
0,0,0,-0.2346596476,0,0,0
0,0,0,-0.234336258,0,0,0
0,0,0,-0.2340130388,0,0,0
0,0,0,-0.2336899901,0,0,0
0,0,0,-0.2333671123,0,0,0
0,0,0,-0.2330444057,0,0,0
0,0,0,-0.2327218705,0,0,0
0,0,0,-0.2323995069,0,0,0
0,0,0,-0.2320773153,0,0,0
0,0,0,-0.2317552959,0,0,0
0,0,0,-0.231433449,0,0,0
0,0,0,-0.2311117749,0,0,0
0,0,0,-0.2307902738,0,0,0
0,0,0,-0.2304689459,0,0,0
0,0,0,-0.2301477917,0,0,0
0,0,0,-0.2298268113,0,0,0
0,0,0,-0.2295060049,0,0,0
0,0,0,-0.2291853729,0,0,0
0,0,0,-0.2288649156,0,0,0
0,0,0,-0.2285446332,0,0,0
0,0,0,-0.2282245259,0,0,0
0,0,0,-0.227904594,0,0,0
0,0,0,-0.2275848379,0,0,0
0,0,0,-0.2272652576,0,0,0
0,0,0,-0.2269458536,0,0,0
0,0,0,-0.2266266261,0,0,0
0,0,0,-0.2263075754,0,0,0
0,0,0,-0.2259887016,0,0,0
0,0,0,-0.2256700051,0,0,0
0,0,0,-0.2253514862,0,0,0
0,0,0,-0.225033145,0,0,0
0,0,0,-0.2247149819,0,0,0
0,0,0,-0.2243969972,0,0,0
0,0,0,-0.224079191,0,0,0
0,0,0,-0.2237615636,0,0,0
0,0,0,-0.2234441153,0,0,0
0,0,0,-0.2231268464,0,0,0
0,0,0,-0.2228097571,0,0,0
0,0,0,-0.2224928477,0,0,0
0,0,0,-0.2221761185,0,0,0
0,0,0,-0.2218595696,0,0,0
0,0,0,-0.2215432013,0,0,0
0,0,0,-0.221227014,0,0,0
0,0,0,-0.2209110078,0,0,0
0,0,0,-0.2205951831,0,0,0
0,0,0,-0.22027954,0,0,0
0,0,0,-0.2199640789,0,0,0
0,0,0,-0.2196487999,0,0,0
0,0,0,-0.2193337034,0,0,0
0,0,0,-0.2190187895,0,0,0
0,0,0,-0.2187040587,0,0,0
0,0,0,-0.218389511,0,0,0
0,0,0,-0.2180751468,0,0,0
0,0,0,-0.2177609663,0,0,0
0,0,0,-0.2174469697,0,0,0
0,0,0,-0.2171331574,0,0,0
0,0,0,-0.2168195295,0,0,0
0,0,0,-0.2165060863,0,0,0
0,0,0,-0.2161928281,0,0,0
0,0,0,-0.2158797551,0,0,0
0,0,0,-0.2155668676,0,0,0
0,0,0,-0.2152541658,0,0,0
0,0,0,-0.21494165,0,0,0
0,0,0,-0.2146293203,0,0,0
0,0,0,-0.2143171772,0,0,0
0,0,0,-0.2140052207,0,0,0
0,0,0,-0.2136934512,0,0,0
0,0,0,-0.2133818689,0,0,0
0,0,0,-0.2130704741,0,0,0
0,0,0,-0.2127592669,0,0,0
0,0,0,-0.2124482477,0,0,0
0,0,0,-0.2121374167,0,0,0
0,0,0,-0.2118267741,0,0,0
0,0,0,-0.2115163202,0,0,0
0,0,0,-0.2112060552,0,0,0
0,0,0,-0.2108959794,0,0,0
0,0,0,-0.210586093,0,0,0
0,0,0,-0.2102763962,0,0,0
0,0,0,-0.2099668893,0,0,0
0,0,0,-0.2096575726,0,0,0
0,0,0,-0.2093484463,0,0,0
0,0,0,-0.2090395106,0,0,0
0,0,0,-0.2087307657,0,0,0
0,0,0,-0.2084222119,0,0,0
0,0,0,-0.2081138495,0,0,0
0,0,0,-0.2078056787,0,0,0
0,0,0,-0.2074976997,0,0,0
0,0,0,-0.2071899127,0,0,0
0,0,0,-0.2068823181,0,0,0
0,0,0,-0.206574916,0,0,0
0,0,0,-0.2062677067,0,0,0
0,0,0,-0.2059606903,0,0,0
0,0,0,-0.2056538673,0,0,0
0,0,0,-0.2053472377,0,0,0
0,0,0,-0.2050408018,0,0,0
0,0,0,-0.2047345599,0,0,0
0,0,0,-0.2044285122,0,0,0
0,0,0,-0.204122659,0,0,0
0,0,0,-0.2038170004,0,0,0
0,0,0,-0.2035115366,0,0,0
0,0,0,-0.2032062681,0,0,0
0,0,0,-0.2029011949,0,0,0
0,0,0,-0.2025963172,0,0,0
0,0,0,-0.2022916355,0,0,0
0,0,0,-0.2019871497,0,0,0
0,0,0,-0.2016828603,0,0,0
0,0,0,-0.2013787674,0,0,0
0,0,0,-0.2010748713,0,0,0
0,0,0,-0.2007711721,0,0,0
0,0,0,-0.2004676702,0,0,0
0,0,0,-0.2001643657,0,0,0
0,0,0,-0.1998612589,0,0,0
0,0,0,-0.1995583499,0,0,0
0,0,0,-0.1992556392,0,0,0
0,0,0,-0.1989531267,0,0,0
0,0,0,-0.1986508129,0,0,0
0,0,0,-0.1983486979,0,0,0
0,0,0,-0.1980467819,0,0,0
0,0,0,-0.1977450652,0,0,0
0,0,0,-0.197443548,0,0,0
0,0,0,-0.1971422305,0,0,0
0,0,0,-0.196841113,0,0,0
0,0,0,-0.1965401956,0,0,0
0,0,0,-0.1962394786,0,0,0
0,0,0,-0.1959389622,0,0,0
0,0,0,-0.1956386467,0,0,0
0,0,0,-0.1953385322,0,0,0
0,0,0,-0.195038619,0,0,0
0,0,0,-0.1947389074,0,0,0
0,0,0,-0.1944393974,0,0,0
0,0,0,-0.1941400894,0,0,0
0,0,0,-0.1938409836,0,0,0
0,0,0,-0.1935420802,0,0,0
0,0,0,-0.1932433793,0,0,0
0,0,0,-0.1929448813,0,0,0
0,0,0,-0.1926465864,0,0,0
0,0,0,-0.1923484947,0,0,0
0,0,0,-0.1920506065,0,0,0
0,0,0,-0.1917529221,0,0,0
0,0,0,-0.1914554415,0,0,0
0,0,0,-0.1911581651,0,0,0
0,0,0,-0.190861093,0,0,0
0,0,0,-0.1905642255,0,0,0
0,0,0,-0.1902675628,0,0,0
0,0,0,-0.1899711051,0,0,0
0,0,0,-0.1896748526,0,0,0
0,0,0,-0.1893788056,0,0,0
0,0,0,-0.1890829641,0,0,0
0,0,0,-0.1887873286,0,0,0
0,0,0,-0.1884918991,0,0,0
0,0,0,-0.1881966759,0,0,0
0,0,0,-0.1879016592,0,0,0
0,0,0,-0.1876068492,0,0,0
0,0,0,-0.1873122462,0,0,0
0,0,0,-0.1870178502,0,0,0
0,0,0,-0.1867236617,0,0,0
0,0,0,-0.1864296806,0,0,0
0,0,0,-0.1861359073,0,0,0
0,0,0,-0.185842342,0,0,0
0,0,0,-0.1855489849,0,0,0
0,0,0,-0.1852558362,0,0,0
0,0,0,-0.184962896,0,0,0
0,0,0,-0.1846701647,0,0,0
0,0,0,-0.1843776424,0,0,0
0,0,0,-0.1840853293,0,0,0
0,0,0,-0.1837932256,0,0,0
0,0,0,-0.1835013315,0,0,0
0,0,0,-0.1832096473,0,0,0
0,0,0,-0.1829181731,0,0,0
0,0,0,-0.1826269092,0,0,0
0,0,0,-0.1823358557,0,0,0
0,0,0,-0.1820450129,0,0,0
0,0,0,-0.1817543809,0,0,0
0,0,0,-0.18146396,0,0,0
0,0,0,-0.1811737503,0,0,0
0,0,0,-0.1808837521,0,0,0
0,0,0,-0.1805939656,0,0,0
0,0,0,-0.1803043909,0,0,0
0,0,0,-0.1800150283,0,0,0
0,0,0,-0.179725878,0,0,0
0,0,0,-0.1794369401,0,0,0
0,0,0,-0.1791482149,0,0,0
0,0,0,-0.1788597026,0,0,0
0,0,0,-0.1785714033,0,0,0
0,0,0,-0.1782833173,0,0,0
0,0,0,-0.1779954447,0,0,0
0,0,0,-0.1777077858,0,0,0
0,0,0,-0.1774203408,0,0,0
0,0,0,-0.1771331098,0,0,0
0,0,0,-0.176846093,0,0,0
0,0,0,-0.1765592907,0,0,0
0,0,0,-0.176272703,0,0,0
0,0,0,-0.1759863302,0,0,0
0,0,0,-0.1757001723,0,0,0
0,0,0,-0.1754142297,0,0,0
0,0,0,-0.1751285025,0,0,0
0,0,0,-0.1748429909,0,0,0
0,0,0,-0.1745576951,0,0,0
0,0,0,-0.1742726152,0,0,0
0,0,0,-0.1739877516,0,0,0
0,0,0,-0.1737031043,0,0,0
0,0,0,-0.1734186736,0,0,0
0,0,0,-0.1731344596,0,0,0
0,0,0,-0.1728504626,0,0,0
0,0,0,-0.1725666826,0,0,0
0,0,0,-0.17228312,0,0,0
0,0,0,-0.171999775,0,0,0
0,0,0,-0.1717166476,0,0,0
0,0,0,-0.171433738,0,0,0
0,0,0,-0.1711510466,0,0,0
0,0,0,-0.1708685734,0,0,0
0,0,0,-0.1705863186,0,0,0
0,0,0,-0.1703042825,0,0,0
0,0,0,-0.1700224652,0,0,0
0,0,0,-0.1697408668,0,0,0
0,0,0,-0.1694594877,0,0,0
0,0,0,-0.1691783279,0,0,0
0,0,0,-0.1688973877,0,0,0
0,0,0,-0.1686166671,0,0,0
0,0,0,-0.1683361665,0,0,0
0,0,0,-0.168055886,0,0,0
0,0,0,-0.1677758258,0,0,0
0,0,0,-0.167495986,0,0,0
0,0,0,-0.1672163669,0,0,0
0,0,0,-0.1669369686,0,0,0
0,0,0,-0.1666577913,0,0,0
0,0,0,-0.1663788351,0,0,0
0,0,0,-0.1661001003,0,0,0
0,0,0,-0.1658215871,0,0,0
0,0,0,-0.1655432955,0,0,0
0,0,0,-0.1652652259,0,0,0
0,0,0,-0.1649873783,0,0,0
0,0,0,-0.1647097529,0,0,0
0,0,0,-0.16443235,0,0,0
0,0,0,-0.1641551697,0,0,0
0,0,0,-0.1638782121,0,0,0
0,0,0,-0.1636014775,0,0,0
0,0,0,-0.163324966,0,0,0
0,0,0,-0.1630486778,0,0,0
0,0,0,-0.1627726131,0,0,0
0,0,0,-0.162496772,0,0,0
0,0,0,-0.1622211547,0,0,0
0,0,0,-0.1619457614,0,0,0
0,0,0,-0.1616705923,0,0,0
0,0,0,-0.1613956475,0,0,0
0,0,0,-0.1611209272,0,0,0
0,0,0,-0.1608464315,0,0,0
0,0,0,-0.1605721607,0,0,0
0,0,0,-0.1602981149,0,0,0
0,0,0,-0.1600242943,0,0,0
0,0,0,-0.1597506991,0,0,0
0,0,0,-0.1594773293,0,0,0
0,0,0,-0.1592041852,0,0,0
0,0,0,-0.158931267,0,0,0
0,0,0,-0.1586585748,0,0,0
0,0,0,-0.1583861088,0,0,0
0,0,0,-0.1581138691,0,0,0
0,0,0,-0.1578418559,0,0,0
0,0,0,-0.1575700695,0,0,0
0,0,0,-0.1572985098,0,0,0
0,0,0,-0.1570271772,0,0,0
0,0,0,-0.1567560717,0,0,0
0,0,0,-0.1564851936,0,0,0
0,0,0,-0.1562145429,0,0,0
0,0,0,-0.15594412,0,0,0
0,0,0,-0.1556739248,0,0,0
0,0,0,-0.1554039576,0,0,0
0,0,0,-0.1551342186,0,0,0
0,0,0,-0.1548647079,0,0,0
0,0,0,-0.1545954256,0,0,0
0,0,0,-0.1543263719,0,0,0
0,0,0,-0.1540575471,0,0,0
0,0,0,-0.1537889511,0,0,0
0,0,0,-0.1535205843,0,0,0
0,0,0,-0.1532524467,0,0,0
0,0,0,-0.1529845385,0,0,0
0,0,0,-0.1527168599,0,0,0
0,0,0,-0.152449411,0,0,0
0,0,0,-0.152182192,0,0,0
0,0,0,-0.1519152031,0,0,0
0,0,0,-0.1516484443,0,0,0
0,0,0,-0.1513819159,0,0,0
0,0,0,-0.1511156179,0,0,0
0,0,0,-0.1508495506,0,0,0
0,0,0,-0.1505837142,0,0,0
0,0,0,-0.1503181086,0,0,0
0,0,0,-0.1500527342,0,0,0
0,0,0,-0.1497875911,0,0,0
0,0,0,-0.1495226793,0,0,0
0,0,0,-0.1492579992,0,0,0
0,0,0,-0.1489935507,0,0,0
0,0,0,-0.1487293341,0,0,0
0,0,0,-0.1484653495,0,0,0
0,0,0,-0.1482015971,0,0,0
0,0,0,-0.1479380769,0,0,0
0,0,0,-0.1476747893,0,0,0
0,0,0,-0.1474117342,0,0,0
0,0,0,-0.1471489119,0,0,0
0,0,0,-0.1468863225,0,0,0
0,0,0,-0.1466239661,0,0,0
0,0,0,-0.1463618429,0,0,0
0,0,0,-0.1460999531,0,0,0
0,0,0,-0.1458382967,0,0,0
0,0,0,-0.145576874,0,0,0
0,0,0,-0.145315685,0,0,0
0,0,0,-0.1450547299,0,0,0
0,0,0,-0.1447940089,0,0,0
0,0,0,-0.1445335221,0,0,0
0,0,0,-0.1442732696,0,0,0
0,0,0,-0.1440132516,0,0,0
0,0,0,-0.1437534682,0,0,0
0,0,0,-0.1434939196,0,0,0
0,0,0,-0.1432346059,0,0,0
0,0,0,-0.1429755272,0,0,0
0,0,0,-0.1427166836,0,0,0
0,0,0,-0.1424580755,0,0,0
0,0,0,-0.1421997027,0,0,0
0,0,0,-0.1419415656,0,0,0
0,0,0,-0.1416836641,0,0,0
0,0,0,-0.1414259986,0,0,0
0,0,0,-0.141168569,0,0,0
0,0,0,-0.1409113756,0,0,0
0,0,0,-0.1406544185,0,0,0
0,0,0,-0.1403976977,0,0,0
0,0,0,-0.1401412136,0,0,0
0,0,0,-0.139884966,0,0,0
0,0,0,-0.1396289553,0,0,0
0,0,0,-0.1393731816,0,0,0
0,0,0,-0.1391176449,0,0,0
0,0,0,-0.1388623454,0,0,0
0,0,0,-0.1386072833,0,0,0
0,0,0,-0.1383524586,0,0,0
0,0,0,-0.1380978715,0,0,0
0,0,0,-0.1378435222,0,0,0
0,0,0,-0.1375894107,0,0,0
0,0,0,-0.1373355372,0,0,0
0,0,0,-0.1370819019,0,0,0
0,0,0,-0.1368285047,0,0,0
0,0,0,-0.136575346,0,0,0
0,0,0,-0.1363224257,0,0,0
0,0,0,-0.1360697441,0,0,0
0,0,0,-0.1358173013,0,0,0
0,0,0,-0.1355650973,0,0,0
0,0,0,-0.1353131323,0,0,0
0,0,0,-0.1350614064,0,0,0
0,0,0,-0.1348099199,0,0,0
0,0,0,-0.1345586726,0,0,0
0,0,0,-0.1343076649,0,0,0
0,0,0,-0.1340568968,0,0,0
0,0,0,-0.1338063685,0,0,0
0,0,0,-0.13355608,0,0,0
0,0,0,-0.1333060316,0,0,0
0,0,0,-0.1330562232,0,0,0
0,0,0,-0.1328066551,0,0,0
0,0,0,-0.1325573273,0,0,0
0,0,0,-0.13230824,0,0,0
0,0,0,-0.1320593933,0,0,0
0,0,0,-0.1318107873,0,0,0
0,0,0,-0.1315624222,0,0,0
0,0,0,-0.131314298,0,0,0
0,0,0,-0.1310664148,0,0,0
0,0,0,-0.1308187729,0,0,0
0,0,0,-0.1305713722,0,0,0
0,0,0,-0.130324213,0,0,0
0,0,0,-0.1300772953,0,0,0
0,0,0,-0.1298306192,0,0,0
0,0,0,-0.1295841849,0,0,0
0,0,0,-0.1293379924,0,0,0
0,0,0,-0.129092042,0,0,0
0,0,0,-0.1288463337,0,0,0
0,0,0,-0.1286008675,0,0,0
0,0,0,-0.1283556437,0,0,0
0,0,0,-0.1281106624,0,0,0
0,0,0,-0.1278659235,0,0,0
0,0,0,-0.1276214274,0,0,0
0,0,0,-0.127377174,0,0,0
0,0,0,-0.1271331635,0,0,0
0,0,0,-0.126889396,0,0,0
0,0,0,-0.1266458715,0,0,0
0,0,0,-0.1264025903,0,0,0
0,0,0,-0.1261595524,0,0,0
0,0,0,-0.1259167579,0,0,0
0,0,0,-0.125674207,0,0,0
0,0,0,-0.1254318997,0,0,0
0,0,0,-0.1251898361,0,0,0
0,0,0,-0.1249480164,0,0,0
0,0,0,-0.1247064406,0,0,0
0,0,0,-0.1244651088,0,0,0
0,0,0,-0.1242240213,0,0,0
0,0,0,-0.123983178,0,0,0
0,0,0,-0.123742579,0,0,0
0,0,0,-0.1235022246,0,0,0
0,0,0,-0.1232621147,0,0,0
0,0,0,-0.1230222495,0,0,0
0,0,0,-0.122782629,0,0,0
0,0,0,-0.1225432534,0,0,0
0,0,0,-0.1223041228,0,0,0
0,0,0,-0.1220652373,0,0,0
0,0,0,-0.121826597,0,0,0
0,0,0,-0.1215882019,0,0,0
0,0,0,-0.1213500522,0,0,0
0,0,0,-0.1211121479,0,0,0
0,0,0,-0.1208744893,0,0,0
0,0,0,-0.1206370763,0,0,0
0,0,0,-0.120399909,0,0,0
0,0,0,-0.1201629876,0,0,0
0,0,0,-0.1199263122,0,0,0
0,0,0,-0.1196898828,0,0,0
0,0,0,-0.1194536995,0,0,0
0,0,0,-0.1192177625,0,0,0
0,0,0,-0.1189820718,0,0,0
0,0,0,-0.1187466275,0,0,0
0,0,0,-0.1185114298,0,0,0
0,0,0,-0.1182764786,0,0,0
0,0,0,-0.1180417742,0,0,0
0,0,0,-0.1178073165,0,0,0
0,0,0,-0.1175731057,0,0,0
0,0,0,-0.1173391419,0,0,0
0,0,0,-0.1171054251,0,0,0
0,0,0,-0.1168719555,0,0,0
0,0,0,-0.1166387331,0,0,0
0,0,0,-0.1164057581,0,0,0
0,0,0,-0.1161730305,0,0,0
0,0,0,-0.1159405503,0,0,0
0,0,0,-0.1157083178,0,0,0
0,0,0,-0.1154763329,0,0,0
0,0,0,-0.1152445958,0,0,0
0,0,0,-0.1150131065,0,0,0
0,0,0,-0.1147818651,0,0,0
0,0,0,-0.1145508718,0,0,0
0,0,0,-0.1143201266,0,0,0
0,0,0,-0.1140896295,0,0,0
0,0,0,-0.1138593807,0,0,0
0,0,0,-0.1136293803,0,0,0
0,0,0,-0.1133996283,0,0,0
0,0,0,-0.1131701247,0,0,0
0,0,0,-0.1129408698,0,0,0
0,0,0,-0.1127118636,0,0,0
0,0,0,-0.1124831061,0,0,0
0,0,0,-0.1122545974,0,0,0
0,0,0,-0.1120263377,0,0,0
0,0,0,-0.1117983269,0,0,0
0,0,0,-0.1115705652,0,0,0
0,0,0,-0.1113430526,0,0,0
0,0,0,-0.1111157893,0,0,0
0,0,0,-0.1108887753,0,0,0
0,0,0,-0.1106620106,0,0,0
0,0,0,-0.1104354954,0,0,0
0,0,0,-0.1102092297,0,0,0
0,0,0,-0.1099832136,0,0,0
0,0,0,-0.1097574472,0,0,0
0,0,0,-0.1095319305,0,0,0
0,0,0,-0.1093066637,0,0,0
0,0,0,-0.1090816467,0,0,0
0,0,0,-0.1088568797,0,0,0
0,0,0,-0.1086323628,0,0,0
0,0,0,-0.1084080959,0,0,0
0,0,0,-0.1081840793,0,0,0
0,0,0,-0.1079603129,0,0,0
0,0,0,-0.1077367968,0,0,0
0,0,0,-0.1075135311,0,0,0
0,0,0,-0.1072905158,0,0,0
0,0,0,-0.1070677511,0,0,0
0,0,0,-0.106845237,0,0,0
0,0,0,-0.1066229735,0,0,0
0,0,0,-0.1064009608,0,0,0
0,0,0,-0.1061791989,0,0,0
0,0,0,-0.1059576878,0,0,0
0,0,0,-0.1057364277,0,0,0
0,0,0,-0.1055154185,0,0,0
0,0,0,-0.1052946604,0,0,0
0,0,0,-0.1050741535,0,0,0
0,0,0,-0.1048538977,0,0,0
0,0,0,-0.1046338931,0,0,0
0,0,0,-0.1044141399,0,0,0
0,0,0,-0.1041946381,0,0,0
0,0,0,-0.1039753876,0,0,0
0,0,0,-0.1037563887,0,0,0
0,0,0,-0.1035376413,0,0,0
0,0,0,-0.1033191456,0,0,0
0,0,0,-0.1031009015,0,0,0
0,0,0,-0.1028829092,0,0,0
0,0,0,-0.1026651686,0,0,0
0,0,0,-0.1024476799,0,0,0
0,0,0,-0.1022304431,0,0,0
0,0,0,-0.1020134583,0,0,0
0,0,0,-0.1017967255,0,0,0
0,0,0,-0.1015802448,0,0,0
0,0,0,-0.1013640162,0,0,0
0,0,0,-0.1011480398,0,0,0
0,0,0,-0.1009323157,0,0,0
0,0,0,-0.1007168439,0,0,0
0,0,0,-0.1005016244,0,0,0
0,0,0,-0.1002866573,0,0,0
0,0,0,-0.1000719427,0,0,0
0,0,0,-0.09985748058,0,0,0
0,0,0,-0.09964327104,0,0,0
0,0,0,-0.09942931412,0,0,0
0,0,0,-0.09921560987,0,0,0
0,0,0,-0.09900215834,0,0,0
0,0,0,-0.09878895957,0,0,0
0,0,0,-0.09857601362,0,0,0
0,0,0,-0.09836332054,0,0,0
0,0,0,-0.09815088038,0,0,0
0,0,0,-0.09793869317,0,0,0
0,0,0,-0.09772675898,0,0,0
0,0,0,-0.09751507785,0,0,0
0,0,0,-0.09730364982,0,0,0
0,0,0,-0.09709247494,0,0,0
0,0,0,-0.09688155326,0,0,0
0,0,0,-0.09667088482,0,0,0
0,0,0,-0.09646046967,0,0,0
0,0,0,-0.09625030784,0,0,0
0,0,0,-0.09604039939,0,0,0
0,0,0,-0.09583074436,0,0,0
0,0,0,-0.09562134279,0,0,0
0,0,0,-0.09541219472,0,0,0
0,0,0,-0.09520330019,0,0,0
0,0,0,-0.09499465925,0,0,0
0,0,0,-0.09478627194,0,0,0
0,0,0,-0.09457813829,0,0,0
0,0,0,-0.09437025834,0,0,0
0,0,0,-0.09416263214,0,0,0
0,0,0,-0.09395525973,0,0,0
0,0,0,-0.09374814114,0,0,0
0,0,0,-0.09354127641,0,0,0
0,0,0,-0.09333466557,0,0,0
0,0,0,-0.09312830868,0,0,0
0,0,0,-0.09292220575,0,0,0
0,0,0,-0.09271635683,0,0,0
0,0,0,-0.09251076195,0,0,0
0,0,0,-0.09230542114,0,0,0
0,0,0,-0.09210033445,0,0,0
0,0,0,-0.09189550191,0,0,0
0,0,0,-0.09169092354,0,0,0
0,0,0,-0.09148659939,0,0,0
0,0,0,-0.09128252948,0,0,0
0,0,0,-0.09107871385,0,0,0
0,0,0,-0.09087515252,0,0,0
0,0,0,-0.09067184553,0,0,0
0,0,0,-0.09046879292,0,0,0
0,0,0,-0.0902659947,0,0,0
0,0,0,-0.09006345091,0,0,0
0,0,0,-0.08986116158,0,0,0
0,0,0,-0.08965912674,0,0,0
0,0,0,-0.08945734641,0,0,0
0,0,0,-0.08925582063,0,0,0
0,0,0,-0.08905454941,0,0,0
0,0,0,-0.0888535328,0,0,0
0,0,0,-0.0886527708,0,0,0
0,0,0,-0.08845226345,0,0,0
0,0,0,-0.08825201078,0,0,0
0,0,0,-0.0880520128,0,0,0
0,0,0,-0.08785226955,0,0,0
0,0,0,-0.08765278104,0,0,0
0,0,0,-0.0874535473,0,0,0
0,0,0,-0.08725456836,0,0,0
0,0,0,-0.08705584423,0,0,0
0,0,0,-0.08685737493,0,0,0
0,0,0,-0.0866591605,0,0,0
0,0,0,-0.08646120094,0,0,0
0,0,0,-0.08626349628,0,0,0
0,0,0,-0.08606604654,0,0,0
0,0,0,-0.08586885174,0,0,0
0,0,0,-0.08567191189,0,0,0
0,0,0,-0.08547522702,0,0,0
0,0,0,-0.08527879714,0,0,0
0,0,0,-0.08508262228,0,0,0
0,0,0,-0.08488670244,0,0,0
0,0,0,-0.08469103764,0,0,0
0,0,0,-0.08449562791,0,0,0
0,0,0,-0.08430047325,0,0,0
0,0,0,-0.08410557368,0,0,0
0,0,0,-0.08391092921,0,0,0
0,0,0,-0.08371653987,0,0,0
0,0,0,-0.08352240565,0,0,0
0,0,0,-0.08332852659,0,0,0
0,0,0,-0.08313490268,0,0,0
0,0,0,-0.08294153394,0,0,0
0,0,0,-0.08274842038,0,0,0
0,0,0,-0.08255556202,0,0,0
0,0,0,-0.08236295886,0,0,0
0,0,0,-0.08217061091,0,0,0
0,0,0,-0.08197851819,0,0,0
0,0,0,-0.0817866807,0,0,0
0,0,0,-0.08159509845,0,0,0
0,0,0,-0.08140377145,0,0,0
0,0,0,-0.0812126997,0,0,0
0,0,0,-0.08102188323,0,0,0
0,0,0,-0.08083132202,0,0,0
0,0,0,-0.08064101609,0,0,0
0,0,0,-0.08045096544,0,0,0
0,0,0,-0.08026117008,0,0,0
0,0,0,-0.08007163001,0,0,0
0,0,0,-0.07988234525,0,0,0
0,0,0,-0.07969331578,0,0,0
0,0,0,-0.07950454162,0,0,0
0,0,0,-0.07931602276,0,0,0
0,0,0,-0.07912775922,0,0,0
0,0,0,-0.07893975098,0,0,0
0,0,0,-0.07875199806,0,0,0
0,0,0,-0.07856450046,0,0,0
0,0,0,-0.07837725817,0,0,0
0,0,0,-0.07819027119,0,0,0
0,0,0,-0.07800353953,0,0,0
0,0,0,-0.07781706318,0,0,0
0,0,0,-0.07763084214,0,0,0
0,0,0,-0.07744487641,0,0,0
0,0,0,-0.07725916599,0,0,0
0,0,0,-0.07707371087,0,0,0
0,0,0,-0.07688851106,0,0,0
0,0,0,-0.07670356654,0,0,0
0,0,0,-0.07651887731,0,0,0
0,0,0,-0.07633444337,0,0,0
0,0,0,-0.07615026471,0,0,0
0,0,0,-0.07596634133,0,0,0
0,0,0,-0.07578267321,0,0,0
0,0,0,-0.07559926036,0,0,0
0,0,0,-0.07541610277,0,0,0
0,0,0,-0.07523320043,0,0,0
0,0,0,-0.07505055332,0,0,0
0,0,0,-0.07486816144,0,0,0
0,0,0,-0.07468602479,0,0,0
0,0,0,-0.07450414335,0,0,0
0,0,0,-0.07432251711,0,0,0
0,0,0,-0.07414114606,0,0,0
0,0,0,-0.07396003019,0,0,0
0,0,0,-0.07377916949,0,0,0
0,0,0,-0.07359856395,0,0,0
0,0,0,-0.07341821355,0,0,0
0,0,0,-0.07323811828,0,0,0
0,0,0,-0.07305827812,0,0,0
0,0,0,-0.07287869307,0,0,0
0,0,0,-0.07269936311,0,0,0
0,0,0,-0.07252028822,0,0,0
0,0,0,-0.07234146838,0,0,0
0,0,0,-0.07216290359,0,0,0
0,0,0,-0.07198459383,0,0,0
0,0,0,-0.07180653907,0,0,0
0,0,0,-0.0716287393,0,0,0
0,0,0,-0.07145119451,0,0,0
0,0,0,-0.07127390467,0,0,0
0,0,0,-0.07109686977,0,0,0
0,0,0,-0.07092008978,0,0,0
0,0,0,-0.07074356469,0,0,0
0,0,0,-0.07056729447,0,0,0
0,0,0,-0.07039127911,0,0,0
0,0,0,-0.07021551858,0,0,0
0,0,0,-0.07004001287,0,0,0
0,0,0,-0.06986476194,0,0,0
0,0,0,-0.06968976578,0,0,0
0,0,0,-0.06951502437,0,0,0
0,0,0,-0.06934053767,0,0,0
0,0,0,-0.06916630568,0,0,0
0,0,0,-0.06899232835,0,0,0
0,0,0,-0.06881860567,0,0,0
0,0,0,-0.06864513761,0,0,0
0,0,0,-0.06847192414,0,0,0
0,0,0,-0.06829896524,0,0,0
0,0,0,-0.06812626088,0,0,0
0,0,0,-0.06795381104,0,0,0
0,0,0,-0.06778161568,0,0,0
0,0,0,-0.06760967478,0,0,0
0,0,0,-0.0674379883,0,0,0
0,0,0,-0.06726655623,0,0,0
0,0,0,-0.06709537852,0,0,0
0,0,0,-0.06692445515,0,0,0
0,0,0,-0.06675378608,0,0,0
0,0,0,-0.06658337129,0,0,0
0,0,0,-0.06641321075,0,0,0
0,0,0,-0.06624330442,0,0,0
0,0,0,-0.06607365226,0,0,0
0,0,0,-0.06590425425,0,0,0
0,0,0,-0.06573511035,0,0,0
0,0,0,-0.06556622053,0,0,0
0,0,0,-0.06539758475,0,0,0
0,0,0,-0.06522920298,0,0,0
0,0,0,-0.06506107518,0,0,0
0,0,0,-0.06489320132,0,0,0
0,0,0,-0.06472558135,0,0,0
0,0,0,-0.06455821525,0,0,0
0,0,0,-0.06439110297,0,0,0
0,0,0,-0.06422424447,0,0,0
0,0,0,-0.06405763973,0,0,0
0,0,0,-0.06389128869,0,0,0
0,0,0,-0.06372519132,0,0,0
0,0,0,-0.06355934758,0,0,0
0,0,0,-0.06339375742,0,0,0
0,0,0,-0.06322842082,0,0,0
0,0,0,-0.06306333772,0,0,0
0,0,0,-0.06289850808,0,0,0
0,0,0,-0.06273393187,0,0,0
0,0,0,-0.06256960903,0,0,0
0,0,0,-0.06240553954,0,0,0
0,0,0,-0.06224172333,0,0,0
0,0,0,-0.06207816037,0,0,0
0,0,0,-0.06191485061,0,0,0
0,0,0,-0.06175179401,0,0,0
0,0,0,-0.06158899052,0,0,0
0,0,0,-0.0614264401,0,0,0
0,0,0,-0.0612641427,0,0,0
0,0,0,-0.06110209826,0,0,0
0,0,0,-0.06094030676,0,0,0
0,0,0,-0.06077876812,0,0,0
0,0,0,-0.06061748232,0,0,0
0,0,0,-0.06045644929,0,0,0
0,0,0,-0.060295669,0,0,0
0,0,0,-0.06013514138,0,0,0
0,0,0,-0.05997486639,0,0,0
0,0,0,-0.05981484398,0,0,0
0,0,0,-0.05965507409,0,0,0
0,0,0,-0.05949555668,0,0,0
0,0,0,-0.05933629169,0,0,0
0,0,0,-0.05917727907,0,0,0
0,0,0,-0.05901851877,0,0,0
0,0,0,-0.05886001073,0,0,0
0,0,0,-0.05870175489,0,0,0
0,0,0,-0.05854375121,0,0,0
0,0,0,-0.05838599963,0,0,0
0,0,0,-0.05822850009,0,0,0
0,0,0,-0.05807125253,0,0,0
0,0,0,-0.05791425691,0,0,0
0,0,0,-0.05775751315,0,0,0
0,0,0,-0.05760102122,0,0,0
0,0,0,-0.05744478103,0,0,0
0,0,0,-0.05728879255,0,0,0
0,0,0,-0.05713305571,0,0,0
0,0,0,-0.05697757044,0,0,0
0,0,0,-0.0568223367,0,0,0
0,0,0,-0.05666735442,0,0,0
0,0,0,-0.05651262353,0,0,0
0,0,0,-0.05635814398,0,0,0
0,0,0,-0.05620391571,0,0,0
0,0,0,-0.05604993865,0,0,0
0,0,0,-0.05589621274,0,0,0
0,0,0,-0.05574273792,0,0,0
0,0,0,-0.05558951412,0,0,0
0,0,0,-0.05543654129,0,0,0
0,0,0,-0.05528381934,0,0,0
0,0,0,-0.05513134823,0,0,0
0,0,0,-0.05497912788,0,0,0
0,0,0,-0.05482715823,0,0,0
0,0,0,-0.05467543921,0,0,0
0,0,0,-0.05452397076,0,0,0
0,0,0,-0.0543727528,0,0,0
0,0,0,-0.05422178528,0,0,0
0,0,0,-0.05407106811,0,0,0
0,0,0,-0.05392060124,0,0,0
0,0,0,-0.05377038459,0,0,0
0,0,0,-0.05362041809,0,0,0
0,0,0,-0.05347070168,0,0,0
0,0,0,-0.05332123528,0,0,0
0,0,0,-0.05317201882,0,0,0
0,0,0,-0.05302305222,0,0,0
0,0,0,-0.05287433543,0,0,0
0,0,0,-0.05272586836,0,0,0
0,0,0,-0.05257765094,0,0,0
0,0,0,-0.0524296831,0,0,0
0,0,0,-0.05228196477,0,0,0
0,0,0,-0.05213449586,0,0,0
0,0,0,-0.05198727631,0,0,0
0,0,0,-0.05184030604,0,0,0
0,0,0,-0.05169358497,0,0,0
0,0,0,-0.05154711303,0,0,0
0,0,0,-0.05140089014,0,0,0
0,0,0,-0.05125491622,0,0,0
0,0,0,-0.0511091912,0,0,0
0,0,0,-0.050963715,0,0,0
0,0,0,-0.05081848753,0,0,0
0,0,0,-0.05067350873,0,0,0
0,0,0,-0.0505287785,0,0,0
0,0,0,-0.05038429677,0,0,0
0,0,0,-0.05024006347,0,0,0
0,0,0,-0.0500960785,0,0,0
0,0,0,-0.04995234179,0,0,0
0,0,0,-0.04980885325,0,0,0
0,0,0,-0.04966561281,0,0,0
0,0,0,-0.04952262038,0,0,0
0,0,0,-0.04937987587,0,0,0
0,0,0,-0.04923737921,0,0,0
0,0,0,-0.04909513031,0,0,0
0,0,0,-0.04895312908,0,0,0
0,0,0,-0.04881137544,0,0,0
0,0,0,-0.0486698693,0,0,0
0,0,0,-0.04852861058,0,0,0
0,0,0,-0.0483875992,0,0,0
0,0,0,-0.04824683505,0,0,0
0,0,0,-0.04810631806,0,0,0
0,0,0,-0.04796604815,0,0,0
0,0,0,-0.04782602521,0,0,0
0,0,0,-0.04768624916,0,0,0
0,0,0,-0.04754671992,0,0,0
0,0,0,-0.04740743738,0,0,0
0,0,0,-0.04726840147,0,0,0
0,0,0,-0.0471296121,0,0,0
0,0,0,-0.04699106916,0,0,0
0,0,0,-0.04685277257,0,0,0
0,0,0,-0.04671472224,0,0,0
0,0,0,-0.04657691807,0,0,0
0,0,0,-0.04643935998,0,0,0
0,0,0,-0.04630204786,0,0,0
0,0,0,-0.04616498163,0,0,0
0,0,0,-0.04602816118,0,0,0
0,0,0,-0.04589158644,0,0,0
0,0,0,-0.04575525729,0,0,0
0,0,0,-0.04561917364,0,0,0
0,0,0,-0.04548333541,0,0,0
0,0,0,-0.04534774248,0,0,0
0,0,0,-0.04521239477,0,0,0
0,0,0,-0.04507729218,0,0,0
0,0,0,-0.04494243461,0,0,0
0,0,0,-0.04480782195,0,0,0
0,0,0,-0.04467345412,0,0,0
0,0,0,-0.04453933101,0,0,0
0,0,0,-0.04440545253,0,0,0
0,0,0,-0.04427181856,0,0,0
0,0,0,-0.04413842902,0,0,0
0,0,0,-0.0440052838,0,0,0
0,0,0,-0.04387238279,0,0,0
0,0,0,-0.0437397259,0,0,0
0,0,0,-0.04360731303,0,0,0
0,0,0,-0.04347514407,0,0,0
0,0,0,-0.04334321891,0,0,0
0,0,0,-0.04321153746,0,0,0
0,0,0,-0.04308009961,0,0,0
0,0,0,-0.04294890525,0,0,0
0,0,0,-0.04281795429,0,0,0
0,0,0,-0.0426872466,0,0,0
0,0,0,-0.0425567821,0,0,0
0,0,0,-0.04242656066,0,0,0
0,0,0,-0.04229658219,0,0,0
0,0,0,-0.04216684658,0,0,0
0,0,0,-0.04203735371,0,0,0
0,0,0,-0.04190810348,0,0,0
0,0,0,-0.04177909579,0,0,0
0,0,0,-0.04165033052,0,0,0
0,0,0,-0.04152180755,0,0,0
0,0,0,-0.0413935268,0,0,0
0,0,0,-0.04126548813,0,0,0
0,0,0,-0.04113769144,0,0,0
0,0,0,-0.04101013662,0,0,0
0,0,0,-0.04088282356,0,0,0
0,0,0,-0.04075575214,0,0,0
0,0,0,-0.04062892225,0,0,0
0,0,0,-0.04050233378,0,0,0
0,0,0,-0.04037598662,0,0,0
0,0,0,-0.04024988064,0,0,0
0,0,0,-0.04012401574,0,0,0
0,0,0,-0.0399983918,0,0,0
0,0,0,-0.0398730087,0,0,0
0,0,0,-0.03974786634,0,0,0
0,0,0,-0.03962296458,0,0,0
0,0,0,-0.03949830332,0,0,0
0,0,0,-0.03937388243,0,0,0
0,0,0,-0.03924970181,0,0,0
0,0,0,-0.03912576133,0,0,0
0,0,0,-0.03900206087,0,0,0
0,0,0,-0.03887860031,0,0,0
0,0,0,-0.03875537954,0,0,0
0,0,0,-0.03863239843,0,0,0
0,0,0,-0.03850965686,0,0,0
0,0,0,-0.03838715472,0,0,0
0,0,0,-0.03826489188,0,0,0
0,0,0,-0.03814286822,0,0,0
0,0,0,-0.03802108361,0,0,0
0,0,0,-0.03789953794,0,0,0
0,0,0,-0.03777823108,0,0,0
0,0,0,-0.0376571629,0,0,0
0,0,0,-0.03753633329,0,0,0
0,0,0,-0.03741574212,0,0,0
0,0,0,-0.03729538927,0,0,0
0,0,0,-0.0371752746,0,0,0
0,0,0,-0.03705539799,0,0,0
0,0,0,-0.03693575932,0,0,0
0,0,0,-0.03681635847,0,0,0
0,0,0,-0.03669719529,0,0,0
0,0,0,-0.03657826967,0,0,0
0,0,0,-0.03645958147,0,0,0
0,0,0,-0.03634113058,0,0,0
0,0,0,-0.03622291685,0,0,0
0,0,0,-0.03610494017,0,0,0
0,0,0,-0.03598720039,0,0,0
0,0,0,-0.0358696974,0,0,0
0,0,0,-0.03575243106,0,0,0
0,0,0,-0.03563540123,0,0,0
0,0,0,-0.03551860779,0,0,0
0,0,0,-0.03540205061,0,0,0
0,0,0,-0.03528572955,0,0,0
0,0,0,-0.03516964448,0,0,0
0,0,0,-0.03505379527,0,0,0
0,0,0,-0.03493818178,0,0,0
0,0,0,-0.03482280388,0,0,0
0,0,0,-0.03470766143,0,0,0
0,0,0,-0.0345927543,0,0,0
0,0,0,-0.03447808236,0,0,0
0,0,0,-0.03436364546,0,0,0
0,0,0,-0.03424944348,0,0,0
0,0,0,-0.03413547627,0,0,0
0,0,0,-0.0340217437,0,0,0
0,0,0,-0.03390824562,0,0,0
0,0,0,-0.03379498191,0,0,0
0,0,0,-0.03368195243,0,0,0
0,0,0,-0.03356915703,0,0,0
0,0,0,-0.03345659557,0,0,0
0,0,0,-0.03334426792,0,0,0
0,0,0,-0.03323217393,0,0,0
0,0,0,-0.03312031347,0,0,0
0,0,0,-0.03300868639,0,0,0
0,0,0,-0.03289729256,0,0,0
0,0,0,-0.03278613182,0,0,0
0,0,0,-0.03267520404,0,0,0
0,0,0,-0.03256450908,0,0,0
0,0,0,-0.03245404678,0,0,0
0,0,0,-0.03234381702,0,0,0
0,0,0,-0.03223381964,0,0,0
0,0,0,-0.0321240545,0,0,0
0,0,0,-0.03201452145,0,0,0
0,0,0,-0.03190522035,0,0,0
0,0,0,-0.03179615105,0,0,0
0,0,0,-0.03168731342,0,0,0
0,0,0,-0.03157870729,0,0,0
0,0,0,-0.03147033252,0,0,0
0,0,0,-0.03136218897,0,0,0
0,0,0,-0.03125427649,0,0,0
0,0,0,-0.03114659492,0,0,0
0,0,0,-0.03103914413,0,0,0
0,0,0,-0.03093192396,0,0,0
0,0,0,-0.03082493426,0,0,0
0,0,0,-0.03071817488,0,0,0
0,0,0,-0.03061164567,0,0,0
0,0,0,-0.03050534648,0,0,0
0,0,0,-0.03039927716,0,0,0
0,0,0,-0.03029343755,0,0,0
0,0,0,-0.03018782751,0,0,0
0,0,0,-0.03008244689,0,0,0
0,0,0,-0.02997729552,0,0,0
0,0,0,-0.02987237325,0,0,0
0,0,0,-0.02976767994,0,0,0
0,0,0,-0.02966321543,0,0,0
0,0,0,-0.02955897955,0,0,0
0,0,0,-0.02945497217,0,0,0
0,0,0,-0.02935119311,0,0,0
0,0,0,-0.02924764223,0,0,0
0,0,0,-0.02914431937,0,0,0
0,0,0,-0.02904122438,0,0,0
0,0,0,-0.02893835708,0,0,0
0,0,0,-0.02883571734,0,0,0
0,0,0,-0.02873330498,0,0,0
0,0,0,-0.02863111986,0,0,0
0,0,0,-0.0285291618,0,0,0
0,0,0,-0.02842743066,0,0,0
0,0,0,-0.02832592627,0,0,0
0,0,0,-0.02822464848,0,0,0
0,0,0,-0.02812359711,0,0,0
0,0,0,-0.02802277202,0,0,0
0,0,0,-0.02792217303,0,0,0
0,0,0,-0.02782179999,0,0,0
0,0,0,-0.02772165274,0,0,0
0,0,0,-0.02762173111,0,0,0
0,0,0,-0.02752203494,0,0,0
0,0,0,-0.02742256406,0,0,0
0,0,0,-0.02732331832,0,0,0
0,0,0,-0.02722429754,0,0,0
0,0,0,-0.02712550156,0,0,0
0,0,0,-0.02702693023,0,0,0
0,0,0,-0.02692858336,0,0,0
0,0,0,-0.0268304608,0,0,0
0,0,0,-0.02673256238,0,0,0
0,0,0,-0.02663488793,0,0,0
0,0,0,-0.02653743728,0,0,0
0,0,0,-0.02644021028,0,0,0
0,0,0,-0.02634320674,0,0,0
0,0,0,-0.0262464265,0,0,0
0,0,0,-0.0261498694,0,0,0
0,0,0,-0.02605353525,0,0,0
0,0,0,-0.0259574239,0,0,0
0,0,0,-0.02586153518,0,0,0
0,0,0,-0.0257658689,0,0,0
0,0,0,-0.02567042491,0,0,0
0,0,0,-0.02557520302,0,0,0
0,0,0,-0.02548020307,0,0,0
0,0,0,-0.02538542489,0,0,0
0,0,0,-0.02529086831,0,0,0
0,0,0,-0.02519653314,0,0,0
0,0,0,-0.02510241922,0,0,0
0,0,0,-0.02500852637,0,0,0
0,0,0,-0.02491485442,0,0,0
0,0,0,-0.02482140319,0,0,0
0,0,0,-0.02472817252,0,0,0
0,0,0,-0.02463516221,0,0,0
0,0,0,-0.02454237211,0,0,0
0,0,0,-0.02444980202,0,0,0
0,0,0,-0.02435745178,0,0,0
0,0,0,-0.02426532121,0,0,0
0,0,0,-0.02417341013,0,0,0
0,0,0,-0.02408171836,0,0,0
0,0,0,-0.02399024572,0,0,0
0,0,0,-0.02389899204,0,0,0
0,0,0,-0.02380795714,0,0,0
0,0,0,-0.02371714083,0,0,0
0,0,0,-0.02362654294,0,0,0
0,0,0,-0.02353616328,0,0,0
0,0,0,-0.02344600168,0,0,0
0,0,0,-0.02335605796,0,0,0
0,0,0,-0.02326633193,0,0,0
0,0,0,-0.02317682341,0,0,0
0,0,0,-0.02308753222,0,0,0
0,0,0,-0.02299845818,0,0,0
0,0,0,-0.0229096011,0,0,0
0,0,0,-0.02282096079,0,0,0
0,0,0,-0.02273253709,0,0,0
0,0,0,-0.0226443298,0,0,0
0,0,0,-0.02255633873,0,0,0
0,0,0,-0.0224685637,0,0,0
0,0,0,-0.02238100453,0,0,0
0,0,0,-0.02229366104,0,0,0
0,0,0,-0.02220653302,0,0,0
0,0,0,-0.0221196203,0,0,0
0,0,0,-0.0220329227,0,0,0
0,0,0,-0.02194644001,0,0,0
0,0,0,-0.02186017207,0,0,0
0,0,0,-0.02177411866,0,0,0
0,0,0,-0.02168827962,0,0,0
0,0,0,-0.02160265475,0,0,0
0,0,0,-0.02151724385,0,0,0
0,0,0,-0.02143204675,0,0,0
0,0,0,-0.02134706324,0,0,0
0,0,0,-0.02126229314,0,0,0
0,0,0,-0.02117773626,0,0,0
0,0,0,-0.02109339241,0,0,0
0,0,0,-0.0210092614,0,0,0
0,0,0,-0.02092534302,0,0,0
0,0,0,-0.0208416371,0,0,0
0,0,0,-0.02075814343,0,0,0
0,0,0,-0.02067486183,0,0,0
0,0,0,-0.02059179209,0,0,0
0,0,0,-0.02050893403,0,0,0
0,0,0,-0.02042628746,0,0,0
0,0,0,-0.02034385217,0,0,0
0,0,0,-0.02026162797,0,0,0
0,0,0,-0.02017961467,0,0,0
0,0,0,-0.02009781206,0,0,0
0,0,0,-0.02001621996,0,0,0
0,0,0,-0.01993483817,0,0,0
0,0,0,-0.01985366648,0,0,0
0,0,0,-0.01977270471,0,0,0
0,0,0,-0.01969195265,0,0,0
0,0,0,-0.0196114101,0,0,0
0,0,0,-0.01953107687,0,0,0
0,0,0,-0.01945095276,0,0,0
0,0,0,-0.01937103756,0,0,0
0,0,0,-0.01929133108,0,0,0
0,0,0,-0.01921183312,0,0,0
0,0,0,-0.01913254348,0,0,0
0,0,0,-0.01905346195,0,0,0
0,0,0,-0.01897458834,0,0,0
0,0,0,-0.01889592243,0,0,0
0,0,0,-0.01881746404,0,0,0
0,0,0,-0.01873921296,0,0,0
0,0,0,-0.01866116898,0,0,0
0,0,0,-0.0185833319,0,0,0
0,0,0,-0.01850570151,0,0,0
0,0,0,-0.01842827763,0,0,0
0,0,0,-0.01835106003,0,0,0
0,0,0,-0.01827404851,0,0,0
0,0,0,-0.01819724287,0,0,0
0,0,0,-0.01812064291,0,0,0
0,0,0,-0.01804424841,0,0,0
0,0,0,-0.01796805917,0,0,0
0,0,0,-0.01789207499,0,0,0
0,0,0,-0.01781629566,0,0,0
0,0,0,-0.01774072096,0,0,0
0,0,0,-0.0176653507,0,0,0
0,0,0,-0.01759018465,0,0,0
0,0,0,-0.01751522263,0,0,0
0,0,0,-0.01744046441,0,0,0
0,0,0,-0.01736590978,0,0,0
0,0,0,-0.01729155854,0,0,0
0,0,0,-0.01721741048,0,0,0
0,0,0,-0.01714346538,0,0,0
0,0,0,-0.01706972304,0,0,0
0,0,0,-0.01699618324,0,0,0
0,0,0,-0.01692284578,0,0,0
0,0,0,-0.01684971043,0,0,0
0,0,0,-0.01677677699,0,0,0
0,0,0,-0.01670404525,0,0,0
0,0,0,-0.01663151499,0,0,0
0,0,0,-0.016559186,0,0,0
0,0,0,-0.01648705806,0,0,0
0,0,0,-0.01641513097,0,0,0
0,0,0,-0.0163434045,0,0,0
0,0,0,-0.01627187844,0,0,0
0,0,0,-0.01620055257,0,0,0
0,0,0,-0.01612942669,0,0,0
0,0,0,-0.01605850057,0,0,0
0,0,0,-0.015987774,0,0,0
0,0,0,-0.01591724676,0,0,0
0,0,0,-0.01584691863,0,0,0
0,0,0,-0.0157767894,0,0,0
0,0,0,-0.01570685885,0,0,0
0,0,0,-0.01563712676,0,0,0
0,0,0,-0.01556759291,0,0,0
0,0,0,-0.01549825708,0,0,0
0,0,0,-0.01542911906,0,0,0
0,0,0,-0.01536017862,0,0,0
0,0,0,-0.01529143554,0,0,0
0,0,0,-0.01522288961,0,0,0
0,0,0,-0.0151545406,0,0,0
0,0,0,-0.01508638829,0,0,0
0,0,0,-0.01501843246,0,0,0
0,0,0,-0.01495067289,0,0,0
0,0,0,-0.01488310936,0,0,0
0,0,0,-0.01481574164,0,0,0
0,0,0,-0.01474856951,0,0,0
0,0,0,-0.01468159275,0,0,0
0,0,0,-0.01461481113,0,0,0
0,0,0,-0.01454822443,0,0,0
0,0,0,-0.01448183243,0,0,0
0,0,0,-0.01441563489,0,0,0
0,0,0,-0.01434963161,0,0,0
0,0,0,-0.01428382234,0,0,0
0,0,0,-0.01421820687,0,0,0
0,0,0,-0.01415278496,0,0,0
0,0,0,-0.0140875564,0,0,0
0,0,0,-0.01402252096,0,0,0
0,0,0,-0.0139576784,0,0,0
0,0,0,-0.0138930285,0,0,0
0,0,0,-0.01382857104,0,0,0
0,0,0,-0.01376430577,0,0,0
0,0,0,-0.01370023249,0,0,0
0,0,0,-0.01363635095,0,0,0
0,0,0,-0.01357266093,0,0,0
0,0,0,-0.0135091622,0,0,0
0,0,0,-0.01344585452,0,0,0
0,0,0,-0.01338273768,0,0,0
0,0,0,-0.01331981143,0,0,0
0,0,0,-0.01325707554,0,0,0
0,0,0,-0.01319452979,0,0,0
0,0,0,-0.01313217395,0,0,0
0,0,0,-0.01307000777,0,0,0
0,0,0,-0.01300803103,0,0,0
0,0,0,-0.0129462435,0,0,0
0,0,0,-0.01288464494,0,0,0
0,0,0,-0.01282323512,0,0,0
0,0,0,-0.01276201381,0,0,0
0,0,0,-0.01270098077,0,0,0
0,0,0,-0.01264013576,0,0,0
0,0,0,-0.01257947855,0,0,0
0,0,0,-0.01251900892,0,0,0
0,0,0,-0.01245872661,0,0,0
0,0,0,-0.0123986314,0,0,0
0,0,0,-0.01233872304,0,0,0
0,0,0,-0.01227900131,0,0,0
0,0,0,-0.01221946597,0,0,0
0,0,0,-0.01216011677,0,0,0
0,0,0,-0.01210095349,0,0,0
0,0,0,-0.01204197588,0,0,0
0,0,0,-0.0119831837,0,0,0
0,0,0,-0.01192457672,0,0,0
0,0,0,-0.01186615469,0,0,0
0,0,0,-0.01180791739,0,0,0
0,0,0,-0.01174986456,0,0,0
0,0,0,-0.01169199597,0,0,0
0,0,0,-0.01163431138,0,0,0
0,0,0,-0.01157681055,0,0,0
0,0,0,-0.01151949323,0,0,0
0,0,0,-0.01146235919,0,0,0
0,0,0,-0.01140540818,0,0,0
0,0,0,-0.01134863997,0,0,0
0,0,0,-0.0112920543,0,0,0
0,0,0,-0.01123565094,0,0,0
0,0,0,-0.01117942965,0,0,0
0,0,0,-0.01112339017,0,0,0
0,0,0,-0.01106753228,0,0,0
0,0,0,-0.01101185571,0,0,0
0,0,0,-0.01095636024,0,0,0
0,0,0,-0.01090104561,0,0,0
0,0,0,-0.01084591158,0,0,0
0,0,0,-0.0107909579,0,0,0
0,0,0,-0.01073618433,0,0,0
0,0,0,-0.01068159063,0,0,0
0,0,0,-0.01062717654,0,0,0
0,0,0,-0.01057294182,0,0,0
0,0,0,-0.01051888623,0,0,0
0,0,0,-0.01046500951,0,0,0
0,0,0,-0.01041131141,0,0,0
0,0,0,-0.0103577917,0,0,0
0,0,0,-0.01030445012,0,0,0
0,0,0,-0.01025128643,0,0,0
0,0,0,-0.01019830037,0,0,0
0,0,0,-0.01014549169,0,0,0
0,0,0,-0.01009286015,0,0,0
0,0,0,-0.0100404055,0,0,0
0,0,0,-0.009988127484,0,0,0
0,0,0,-0.009936025853,0,0,0
0,0,0,-0.009884100357,0,0,0
0,0,0,-0.009832350745,0,0,0
0,0,0,-0.009780776765,0,0,0
0,0,0,-0.009729378165,0,0,0
0,0,0,-0.009678154695,0,0,0
0,0,0,-0.0096271061,0,0,0
0,0,0,-0.009576232129,0,0,0
0,0,0,-0.009525532528,0,0,0
0,0,0,-0.009475007045,0,0,0
0,0,0,-0.009424655424,0,0,0
0,0,0,-0.009374477413,0,0,0
0,0,0,-0.009324472758,0,0,0
0,0,0,-0.009274641203,0,0,0
0,0,0,-0.009224982493,0,0,0
0,0,0,-0.009175496374,0,0,0
0,0,0,-0.009126182589,0,0,0
0,0,0,-0.009077040884,0,0,0
0,0,0,-0.009028071001,0,0,0
0,0,0,-0.008979272685,0,0,0
0,0,0,-0.008930645677,0,0,0
0,0,0,-0.008882189723,0,0,0
0,0,0,-0.008833904563,0,0,0
0,0,0,-0.00878578994,0,0,0
0,0,0,-0.008737845596,0,0,0
0,0,0,-0.008690071273,0,0,0
0,0,0,-0.008642466712,0,0,0
0,0,0,-0.008595031654,0,0,0
0,0,0,-0.00854776584,0,0,0
0,0,0,-0.00850066901,0,0,0
0,0,0,-0.008453740905,0,0,0
0,0,0,-0.008406981263,0,0,0
0,0,0,-0.008360389825,0,0,0
0,0,0,-0.008313966329,0,0,0
0,0,0,-0.008267710515,0,0,0
0,0,0,-0.008221622121,0,0,0
0,0,0,-0.008175700885,0,0,0
0,0,0,-0.008129946546,0,0,0
0,0,0,-0.008084358841,0,0,0
0,0,0,-0.008038937506,0,0,0
0,0,0,-0.007993682281,0,0,0
0,0,0,-0.0079485929,0,0,0
0,0,0,-0.007903669101,0,0,0
0,0,0,-0.007858910619,0,0,0
0,0,0,-0.007814317191,0,0,0
0,0,0,-0.007769888551,0,0,0
0,0,0,-0.007725624436,0,0,0
0,0,0,-0.00768152458,0,0,0
0,0,0,-0.007637588718,0,0,0
0,0,0,-0.007593816584,0,0,0
0,0,0,-0.007550207912,0,0,0
0,0,0,-0.007506762435,0,0,0
0,0,0,-0.007463479888,0,0,0
0,0,0,-0.007420360004,0,0,0
0,0,0,-0.007377402515,0,0,0
0,0,0,-0.007334607153,0,0,0
0,0,0,-0.007291973652,0,0,0
0,0,0,-0.007249501743,0,0,0
0,0,0,-0.007207191157,0,0,0
0,0,0,-0.007165041627,0,0,0
0,0,0,-0.007123052883,0,0,0
0,0,0,-0.007081224655,0,0,0
0,0,0,-0.007039556676,0,0,0
0,0,0,-0.006998048673,0,0,0
0,0,0,-0.006956700379,0,0,0
0,0,0,-0.006915511521,0,0,0
0,0,0,-0.00687448183,0,0,0
0,0,0,-0.006833611035,0,0,0
0,0,0,-0.006792898864,0,0,0
0,0,0,-0.006752345046,0,0,0
0,0,0,-0.006711949308,0,0,0
0,0,0,-0.00667171138,0,0,0
0,0,0,-0.006631630988,0,0,0
0,0,0,-0.006591707859,0,0,0
0,0,0,-0.006551941722,0,0,0
0,0,0,-0.006512332302,0,0,0
0,0,0,-0.006472879326,0,0,0
0,0,0,-0.00643358252,0,0,0
0,0,0,-0.00639444161,0,0,0
0,0,0,-0.006355456322,0,0,0
0,0,0,-0.006316626381,0,0,0
0,0,0,-0.006277951511,0,0,0
0,0,0,-0.006239431439,0,0,0
0,0,0,-0.006201065888,0,0,0
0,0,0,-0.006162854582,0,0,0
0,0,0,-0.006124797245,0,0,0
0,0,0,-0.006086893602,0,0,0
0,0,0,-0.006049143375,0,0,0
0,0,0,-0.006011546287,0,0,0
0,0,0,-0.005974102061,0,0,0
0,0,0,-0.005936810421,0,0,0
0,0,0,-0.005899671087,0,0,0
0,0,0,-0.005862683782,0,0,0
0,0,0,-0.005825848227,0,0,0
0,0,0,-0.005789164145,0,0,0
0,0,0,-0.005752631256,0,0,0
0,0,0,-0.005716249281,0,0,0
0,0,0,-0.00568001794,0,0,0
0,0,0,-0.005643936955,0,0,0
0,0,0,-0.005608006044,0,0,0
0,0,0,-0.005572224928,0,0,0
0,0,0,-0.005536593326,0,0,0
0,0,0,-0.005501110958,0,0,0
0,0,0,-0.005465777542,0,0,0
0,0,0,-0.005430592798,0,0,0
0,0,0,-0.005395556442,0,0,0
0,0,0,-0.005360668195,0,0,0
0,0,0,-0.005325927773,0,0,0
0,0,0,-0.005291334894,0,0,0
0,0,0,-0.005256889275,0,0,0
0,0,0,-0.005222590634,0,0,0
0,0,0,-0.005188438687,0,0,0
0,0,0,-0.005154433151,0,0,0
0,0,0,-0.005120573742,0,0,0
0,0,0,-0.005086860176,0,0,0
0,0,0,-0.005053292169,0,0,0
0,0,0,-0.005019869437,0,0,0
0,0,0,-0.004986591694,0,0,0
0,0,0,-0.004953458655,0,0,0
0,0,0,-0.004920470035,0,0,0
0,0,0,-0.004887625549,0,0,0
0,0,0,-0.004854924911,0,0,0
0,0,0,-0.004822367834,0,0,0
0,0,0,-0.004789954033,0,0,0
0,0,0,-0.00475768322,0,0,0
0,0,0,-0.004725555109,0,0,0
0,0,0,-0.004693569413,0,0,0
0,0,0,-0.004661725843,0,0,0
0,0,0,-0.004630024114,0,0,0
0,0,0,-0.004598463935,0,0,0
0,0,0,-0.004567045021,0,0,0
0,0,0,-0.004535767081,0,0,0
0,0,0,-0.004504629827,0,0,0
0,0,0,-0.004473632971,0,0,0
0,0,0,-0.004442776223,0,0,0
0,0,0,-0.004412059294,0,0,0
0,0,0,-0.004381481894,0,0,0
0,0,0,-0.004351043733,0,0,0
0,0,0,-0.00432074452,0,0,0
0,0,0,-0.004290583966,0,0,0
0,0,0,-0.00426056178,0,0,0
0,0,0,-0.00423067767,0,0,0
0,0,0,-0.004200931345,0,0,0
0,0,0,-0.004171322515,0,0,0
0,0,0,-0.004141850887,0,0,0
0,0,0,-0.004112516169,0,0,0
0,0,0,-0.004083318069,0,0,0
0,0,0,-0.004054256295,0,0,0
0,0,0,-0.004025330553,0,0,0
0,0,0,-0.003996540552,0,0,0
0,0,0,-0.003967885997,0,0,0
0,0,0,-0.003939366595,0,0,0
0,0,0,-0.003910982053,0,0,0
0,0,0,-0.003882732077,0,0,0
0,0,0,-0.003854616372,0,0,0
0,0,0,-0.003826634644,0,0,0
0,0,0,-0.003798786598,0,0,0
0,0,0,-0.00377107194,0,0,0
0,0,0,-0.003743490373,0,0,0
0,0,0,-0.003716041604,0,0,0
0,0,0,-0.003688725336,0,0,0
0,0,0,-0.003661541273,0,0,0
0,0,0,-0.003634489119,0,0,0
0,0,0,-0.003607568578,0,0,0
0,0,0,-0.003580779354,0,0,0
0,0,0,-0.003554121148,0,0,0
0,0,0,-0.003527593665,0,0,0
0,0,0,-0.003501196607,0,0,0
0,0,0,-0.003474929676,0,0,0
0,0,0,-0.003448792575,0,0,0
0,0,0,-0.003422785006,0,0,0
0,0,0,-0.00339690667,0,0,0
0,0,0,-0.003371157268,0,0,0
0,0,0,-0.003345536503,0,0,0
0,0,0,-0.003320044075,0,0,0
0,0,0,-0.003294679685,0,0,0
0,0,0,-0.003269443033,0,0,0
0,0,0,-0.003244333821,0,0,0
0,0,0,-0.003219351747,0,0,0
0,0,0,-0.003194496512,0,0,0
0,0,0,-0.003169767816,0,0,0
0,0,0,-0.003145165357,0,0,0
0,0,0,-0.003120688836,0,0,0
0,0,0,-0.003096337951,0,0,0
0,0,0,-0.0030721124,0,0,0
0,0,0,-0.003048011883,0,0,0
0,0,0,-0.003024036098,0,0,0
0,0,0,-0.003000184742,0,0,0
0,0,0,-0.002976457513,0,0,0
0,0,0,-0.00295285411,0,0,0
0,0,0,-0.002929374229,0,0,0
0,0,0,-0.002906017568,0,0,0
0,0,0,-0.002882783823,0,0,0
0,0,0,-0.002859672692,0,0,0
0,0,0,-0.00283668387,0,0,0
0,0,0,-0.002813817055,0,0,0
0,0,0,-0.002791071941,0,0,0
0,0,0,-0.002768448225,0,0,0
0,0,0,-0.002745945603,0,0,0
0,0,0,-0.002723563769,0,0,0
0,0,0,-0.00270130242,0,0,0
0,0,0,-0.002679161249,0,0,0
0,0,0,-0.002657139953,0,0,0
0,0,0,-0.002635238224,0,0,0
0,0,0,-0.002613455758,0,0,0
0,0,0,-0.002591792248,0,0,0
0,0,0,-0.002570247389,0,0,0
0,0,0,-0.002548820874,0,0,0
0,0,0,-0.002527512396,0,0,0
0,0,0,-0.002506321649,0,0,0
0,0,0,-0.002485248326,0,0,0
0,0,0,-0.002464292119,0,0,0
0,0,0,-0.002443452721,0,0,0
0,0,0,-0.002422729825,0,0,0
0,0,0,-0.002402123122,0,0,0
0,0,0,-0.002381632304,0,0,0
0,0,0,-0.002361257064,0,0,0
0,0,0,-0.002340997093,0,0,0
0,0,0,-0.002320852082,0,0,0
0,0,0,-0.002300821722,0,0,0
0,0,0,-0.002280905704,0,0,0
0,0,0,-0.002261103719,0,0,0
0,0,0,-0.002241415457,0,0,0
0,0,0,-0.002221840609,0,0,0
0,0,0,-0.002202378864,0,0,0
0,0,0,-0.002183029913,0,0,0
0,0,0,-0.002163793445,0,0,0
0,0,0,-0.00214466915,0,0,0
0,0,0,-0.002125656716,0,0,0
0,0,0,-0.002106755833,0,0,0
0,0,0,-0.002087966191,0,0,0
0,0,0,-0.002069287476,0,0,0
0,0,0,-0.002050719378,0,0,0
0,0,0,-0.002032261586,0,0,0
0,0,0,-0.002013913786,0,0,0
0,0,0,-0.001995675668,0,0,0
0,0,0,-0.001977546918,0,0,0
0,0,0,-0.001959527225,0,0,0
0,0,0,-0.001941616274,0,0,0
0,0,0,-0.001923813754,0,0,0
0,0,0,-0.001906119352,0,0,0
0,0,0,-0.001888532753,0,0,0
0,0,0,-0.001871053644,0,0,0
0,0,0,-0.001853681713,0,0,0
0,0,0,-0.001836416644,0,0,0
0,0,0,-0.001819258123,0,0,0
0,0,0,-0.001802205837,0,0,0
0,0,0,-0.001785259471,0,0,0
0,0,0,-0.00176841871,0,0,0
0,0,0,-0.001751683239,0,0,0
0,0,0,-0.001735052744,0,0,0
0,0,0,-0.001718526908,0,0,0
0,0,0,-0.001702105416,0,0,0
0,0,0,-0.001685787954,0,0,0
0,0,0,-0.001669574204,0,0,0
0,0,0,-0.001653463852,0,0,0
0,0,0,-0.00163745658,0,0,0
0,0,0,-0.001621552072,0,0,0
0,0,0,-0.001605750013,0,0,0
0,0,0,-0.001590050084,0,0,0
0,0,0,-0.001574451969,0,0,0
0,0,0,-0.001558955351,0,0,0
0,0,0,-0.001543559913,0,0,0
0,0,0,-0.001528265337,0,0,0
0,0,0,-0.001513071306,0,0,0
0,0,0,-0.0014979775,0,0,0
0,0,0,-0.001482983604,0,0,0
0,0,0,-0.001468089297,0,0,0
0,0,0,-0.001453294263,0,0,0
0,0,0,-0.001438598182,0,0,0
0,0,0,-0.001424000735,0,0,0
0,0,0,-0.001409501604,0,0,0
0,0,0,-0.001395100469,0,0,0
0,0,0,-0.001380797011,0,0,0
0,0,0,-0.001366590911,0,0,0
0,0,0,-0.001352481849,0,0,0
0,0,0,-0.001338469505,0,0,0
0,0,0,-0.001324553559,0,0,0
0,0,0,-0.001310733691,0,0,0
0,0,0,-0.001297009581,0,0,0
0,0,0,-0.001283380908,0,0,0
0,0,0,-0.001269847351,0,0,0
0,0,0,-0.001256408589,0,0,0
0,0,0,-0.001243064302,0,0,0
0,0,0,-0.001229814169,0,0,0
0,0,0,-0.001216657867,0,0,0
0,0,0,-0.001203595075,0,0,0
0,0,0,-0.001190625472,0,0,0
0,0,0,-0.001177748736,0,0,0
0,0,0,-0.001164964544,0,0,0
0,0,0,-0.001152272574,0,0,0
0,0,0,-0.001139672505,0,0,0
0,0,0,-0.001127164012,0,0,0
0,0,0,-0.001114746775,0,0,0
0,0,0,-0.001102420469,0,0,0
0,0,0,-0.001090184772,0,0,0
0,0,0,-0.00107803936,0,0,0
0,0,0,-0.001065983911,0,0,0
0,0,0,-0.0010540181,0,0,0
0,0,0,-0.001042141604,0,0,0
0,0,0,-0.001030354099,0,0,0
0,0,0,-0.00101865526,0,0,0
0,0,0,-0.001007044765,0,0,0
0,0,0,-0.0009955222873,0,0,0
0,0,0,-0.0009840875038,0,0,0
0,0,0,-0.0009727400895,0,0,0
0,0,0,-0.0009614797195,0,0,0
0,0,0,-0.0009503060688,0,0,0
0,0,0,-0.0009392188123,0,0,0
0,0,0,-0.0009282176247,0,0,0
0,0,0,-0.0009173021805,0,0,0
0,0,0,-0.0009064721541,0,0,0
0,0,0,-0.0008957272197,0,0,0
0,0,0,-0.0008850670515,0,0,0
0,0,0,-0.0008744913232,0,0,0
0,0,0,-0.0008639997087,0,0,0
0,0,0,-0.0008535918817,0,0,0
0,0,0,-0.0008432675155,0,0,0
0,0,0,-0.0008330262835,0,0,0
0,0,0,-0.0008228678589,0,0,0
0,0,0,-0.0008127919146,0,0,0
0,0,0,-0.0008027981236,0,0,0
0,0,0,-0.0007928861585,0,0,0
0,0,0,-0.0007830556919,0,0,0
0,0,0,-0.0007733063962,0,0,0
0,0,0,-0.0007636379438,0,0,0
0,0,0,-0.0007540500067,0,0,0
0,0,0,-0.0007445422569,0,0,0
0,0,0,-0.0007351143662,0,0,0
0,0,0,-0.0007257660064,0,0,0
0,0,0,-0.000716496849,0,0,0
0,0,0,-0.0007073065654,0,0,0
0,0,0,-0.0006981948268,0,0,0
0,0,0,-0.0006891613044,0,0,0
0,0,0,-0.0006802056692,0,0,0
0,0,0,-0.0006713275919,0,0,0
0,0,0,-0.0006625267434,0,0,0
0,0,0,-0.000653802794,0,0,0
0,0,0,-0.0006451554143,0,0,0
0,0,0,-0.0006365842746,0,0,0
0,0,0,-0.000628089045,0,0,0
0,0,0,-0.0006196693954,0,0,0
0,0,0,-0.0006113249958,0,0,0
0,0,0,-0.0006030555158,0,0,0
0,0,0,-0.0005948606251,0,0,0
0,0,0,-0.0005867399932,0,0,0
0,0,0,-0.0005786932893,0,0,0
0,0,0,-0.0005707201827,0,0,0
0,0,0,-0.0005628203424,0,0,0
0,0,0,-0.0005549934373,0,0,0
0,0,0,-0.0005472391362,0,0,0
0,0,0,-0.0005395571079,0,0,0
0,0,0,-0.0005319470207,0,0,0
0,0,0,-0.0005244085432,0,0,0
0,0,0,-0.0005169413436,0,0,0
0,0,0,-0.0005095450901,0,0,0
0,0,0,-0.0005022194506,0,0,0
0,0,0,-0.000494964093,0,0,0
0,0,0,-0.0004877786851,0,0,0
0,0,0,-0.0004806628946,0,0,0
0,0,0,-0.000473616389,0,0,0
0,0,0,-0.0004666388355,0,0,0
0,0,0,-0.0004597299016,0,0,0
0,0,0,-0.0004528892542,0,0,0
0,0,0,-0.0004461165605,0,0,0
0,0,0,-0.0004394114873,0,0,0
0,0,0,-0.0004327737014,0,0,0
0,0,0,-0.0004262028694,0,0,0
0,0,0,-0.0004196986579,0,0,0
0,0,0,-0.0004132607332,0,0,0
0,0,0,-0.0004068887616,0,0,0
0,0,0,-0.0004005824093,0,0,0
0,0,0,-0.0003943413424,0,0,0
0,0,0,-0.0003881652267,0,0,0
0,0,0,-0.0003820537281,0,0,0
0,0,0,-0.0003760065122,0,0,0
0,0,0,-0.0003700232447,0,0,0
0,0,0,-0.0003641035909,0,0,0
0,0,0,-0.0003582472163,0,0,0
0,0,0,-0.0003524537861,0,0,0
0,0,0,-0.0003467229653,0,0,0
0,0,0,-0.000341054419,0,0,0
0,0,0,-0.0003354478121,0,0,0
0,0,0,-0.0003299028093,0,0,0
0,0,0,-0.0003244190753,0,0,0
0,0,0,-0.0003189962747,0,0,0
0,0,0,-0.0003136340719,0,0,0
0,0,0,-0.0003083321313,0,0,0
0,0,0,-0.000303090117,0,0,0
0,0,0,-0.0002979076932,0,0,0
0,0,0,-0.000292784524,0,0,0
0,0,0,-0.0002877202731,0,0,0
0,0,0,-0.0002827146044,0,0,0
0,0,0,-0.0002777671817,0,0,0
0,0,0,-0.0002728776684,0,0,0
0,0,0,-0.000268045728,0,0,0
0,0,0,-0.000263271024,0,0,0
0,0,0,-0.0002585532197,0,0,0
0,0,0,-0.000253891978,0,0,0
0,0,0,-0.0002492869623,0,0,0
0,0,0,-0.0002447378353,0,0,0
0,0,0,-0.0002402442601,0,0,0
0,0,0,-0.0002358058992,0,0,0
0,0,0,-0.0002314224155,0,0,0
0,0,0,-0.0002270934714,0,0,0
0,0,0,-0.0002228187295,0,0,0
0,0,0,-0.0002185978521,0,0,0
0,0,0,-0.0002144305014,0,0,0
0,0,0,-0.0002103163398,0,0,0
0,0,0,-0.0002062550291,0,0,0
0,0,0,-0.0002022462315,0,0,0
0,0,0,-0.0001982896087,0,0,0
0,0,0,-0.0001943848227,0,0,0
0,0,0,-0.000190531535,0,0,0
0,0,0,-0.0001867294074,0,0,0
0,0,0,-0.0001829781012,0,0,0
0,0,0,-0.000179277278,0,0,0
0,0,0,-0.0001756265991,0,0,0
0,0,0,-0.0001720257257,0,0,0
0,0,0,-0.0001684743189,0,0,0
0,0,0,-0.0001649720398,0,0,0
0,0,0,-0.0001615185495,0,0,0
0,0,0,-0.0001581135087,0,0,0
0,0,0,-0.0001547565783,0,0,0
0,0,0,-0.000151447419,0,0,0
0,0,0,-0.0001481856913,0,0,0
0,0,0,-0.0001449710559,0,0,0
0,0,0,-0.0001418031732,0,0,0
0,0,0,-0.0001386817036,0,0,0
0,0,0,-0.0001356063073,0,0,0
0,0,0,-0.0001325766445,0,0,0
0,0,0,-0.0001295923754,0,0,0
0,0,0,-0.00012665316,0,0,0
0,0,0,-0.0001237586582,0,0,0
0,0,0,-0.00012090853,0,0,0
0,0,0,-0.0001181024351,0,0,0
0,0,0,-0.0001153400332,0,0,0
0,0,0,-0.0001126209839,0,0,0
0,0,0,-0.0001099449469,0,0,0
0,0,0,-0.0001073115816,0,0,0
0,0,0,-0.0001047205473,0,0,0
0,0,0,-0.0001021715035,0,0,0
0,0,0,-9.966410939e-05,0,0,0
0,0,0,-9.719802409e-05,0,0,0
0,0,0,-9.477290672e-05,0,0,0
0,0,0,-9.238841632e-05,0,0,0
0,0,0,-9.004421184e-05,0,0,0
0,0,0,-8.773995215e-05,0,0,0
0,0,0,-8.547529606e-05,0,0,0
0,0,0,-8.32499023e-05,0,0,0
0,0,0,-8.106342954e-05,0,0,0
0,0,0,-7.891553636e-05,0,0,0
0,0,0,-7.68058813e-05,0,0,0
0,0,0,-7.473412281e-05,0,0,0
0,0,0,-7.269991927e-05,0,0,0
0,0,0,-7.0702929e-05,0,0,0
0,0,0,-6.874281025e-05,0,0,0
0,0,0,-6.68192212e-05,0,0,0
0,0,0,-6.493181998e-05,0,0,0
0,0,0,-6.308026463e-05,0,0,0
0,0,0,-6.126421314e-05,0,0,0
0,0,0,-5.948332344e-05,0,0,0
0,0,0,-5.773725338e-05,0,0,0
0,0,0,-5.602566077e-05,0,0,0
0,0,0,-5.434820333e-05,0,0,0
0,0,0,-5.270453874e-05,0,0,0
0,0,0,-5.109432461e-05,0,0,0
0,0,0,-4.951721849e-05,0,0,0
0,0,0,-4.797287788e-05,0,0,0
0,0,0,-4.64609602e-05,0,0,0
0,0,0,-4.498112283e-05,0,0,0
0,0,0,-4.353302308e-05,0,0,0
0,0,0,-4.211631822e-05,0,0,0
0,0,0,-4.073066544e-05,0,0,0
0,0,0,-3.937572189e-05,0,0,0
0,0,0,-3.805114466e-05,0,0,0
0,0,0,-3.675659079e-05,0,0,0
0,0,0,-3.549171725e-05,0,0,0
0,0,0,-3.425618097e-05,0,0,0
0,0,0,-3.304963883e-05,0,0,0
0,0,0,-3.187174765e-05,0,0,0
0,0,0,-3.072216419e-05,0,0,0
0,0,0,-2.960054518e-05,0,0,0
0,0,0,-2.850654729e-05,0,0,0
0,0,0,-2.743982712e-05,0,0,0
0,0,0,-2.640004126e-05,0,0,0
0,0,0,-2.538684622e-05,0,0,0
0,0,0,-2.439989847e-05,0,0,0
0,0,0,-2.343885444e-05,0,0,0
0,0,0,-2.250337051e-05,0,0,0
0,0,0,-2.159310301e-05,0,0,0
0,0,0,-2.070770822e-05,0,0,0
0,0,0,-1.984684238e-05,0,0,0
0,0,0,-1.901016169e-05,0,0,0
0,0,0,-1.819732231e-05,0,0,0
0,0,0,-1.740798035e-05,0,0,0
0,0,0,-1.664179187e-05,0,0,0
0,0,0,-1.589841289e-05,0,0,0
0,0,0,-1.517749941e-05,0,0,0
0,0,0,-1.447870736e-05,0,0,0
0,0,0,-1.380169266e-05,0,0,0
0,0,0,-1.314611116e-05,0,0,0
0,0,0,-1.251161869e-05,0,0,0
0,0,0,-1.189787103e-05,0,0,0
0,0,0,-1.130452395e-05,0,0,0
0,0,0,-1.073123314e-05,0,0,0
0,0,0,-1.01776543e-05,0,0,0
0,0,0,-9.643443056e-06,0,0,0
0,0,0,-9.128255019e-06,0,0,0
0,0,0,-8.631745759e-06,0,0,0
0,0,0,-8.153570816e-06,0,0,0
0,0,0,-7.693385695e-06,0,0,0
0,0,0,-7.250845869e-06,0,0,0
0,0,0,-6.825606778e-06,0,0,0
0,0,0,-6.417323831e-06,0,0,0
0,0,0,-6.025652408e-06,0,0,0
0,0,0,-5.650247858e-06,0,0,0
0,0,0,-5.290765499e-06,0,0,0
0,0,0,-4.946860622e-06,0,0,0
0,0,0,-4.61818849e-06,0,0,0
0,0,0,-4.304404338e-06,0,0,0
0,0,0,-4.005163374e-06,0,0,0
0,0,0,-3.72012078e-06,0,0,0
0,0,0,-3.448931711e-06,0,0,0
0,0,0,-3.191251298e-06,0,0,0
0,0,0,-2.94673465e-06,0,0,0
0,0,0,-2.715036847e-06,0,0,0
0,0,0,-2.495812951e-06,0,0,0
0,0,0,-2.288717997e-06,0,0,0
0,0,0,-2.093407002e-06,0,0,0
0,0,0,-1.909534959e-06,0,0,0
0,0,0,-1.736756842e-06,0,0,0
0,0,0,-1.574727603e-06,0,0,0
0,0,0,-1.423102177e-06,0,0,0
0,0,0,-1.281535478e-06,0,0,0
0,0,0,-1.149682404e-06,0,0,0
0,0,0,-1.027197833e-06,0,0,0
0,0,0,-9.137366277e-07,0,0,0
0,0,0,-8.08953635e-07,0,0,0
0,0,0,-7.125036842e-07,0,0,0
0,0,0,-6.240415908e-07,0,0,0
0,0,0,-5.432221558e-07,0,0,0
0,0,0,-4.697001659e-07,0,0,0
0,0,0,-4.031303955e-07,0,0,0
0,0,0,-3.431676058e-07,0,0,0
0,0,0,-2.894665457e-07,0,0,0
0,0,0,-2.416819533e-07,0,0,0
0,0,0,-1.994685558e-07,0,0,0
0,0,0,-1.62481071e-07,0,0,0
0,0,0,-1.303742064e-07,0,0,0
0,0,0,-1.028026614e-07,0,0,0
0,0,0,-7.942112577e-08,0,0,0
0,0,0,-5.988428363e-08,0,0,0
0,0,0,-4.384681099e-08,0,0,0
0,0,0,-3.096337783e-08,0,0,0
0,0,0,-2.088864838e-08,0,0,0
0,0,0,-1.32772819e-08,0,0,0
0,0,0,-7.783932965e-09,0,0,0
0,0,0,-4.063252547e-09,0,0,0
0,0,0,-1.769888343e-09,0,0,0
0,0,0,-5.584852189e-10,0,0,0
0,0,0,-8.368683383e-11,0,0,0
0,0,0,-1.347675227e-13,0,0,0
